2954;713;753;7752;
2944;713;752;8772;
2934;711;752;9792;
2929;711;752;10812;
2929;713;753;11832;
2934;711;753;12852;
2910;712;752;13872;
2919;711;752;14892;
2910;711;752;15912;
2929;713;753;16932;
2929;712;752;17952;
2924;713;753;18972;
2910;712;753;19996;
2915;711;753;21016;
2905;712;753;22036;
2905;711;753;23056;
2905;711;751;24076;
2895;713;753;25096;
2885;712;751;26116;
2871;711;752;27140;
2866;711;752;28160;
2875;711;753;29180;
2841;711;750;30200;
2841;712;750;31220;
2846;711;753;32240;
2851;712;752;33260;
2846;711;752;34280;
2846;712;752;35300;
2846;713;753;36320;
2836;711;753;37340;
2846;713;752;38360;
2827;712;751;39380;
2827;712;752;40396;
2827;711;753;41416;
2832;713;753;42436;
2822;711;752;43452;
2827;711;755;44472;
2827;711;754;45488;
2817;712;752;46508;
2812;711;753;47532;
2807;711;753;48548;
2807;710;752;49568;
2792;711;753;50584;
2792;713;753;51604;
2792;713;753;52624;
2773;711;755;53644;
2788;711;752;54664;
2778;712;752;55684;
2773;710;753;56704;
2763;711;753;57720;
2763;711;754;58744;
2749;711;753;59760;
2749;710;753;60780;
2734;711;755;61792;
2714;712;753;62812;
2734;711;753;63832;
2724;711;753;64856;
2729;711;753;340;
2700;713;753;1356;
2700;711;752;2368;
2709;712;753;3388;
2709;711;752;4408;
2700;711;753;5420;
2685;711;754;6432;
2680;710;753;7452;
2685;710;753;8468;
2670;712;752;9488;
2651;711;753;10504;
2651;711;753;11528;
2641;713;753;12540;
2651;711;752;13560;
2651;712;752;14576;
2636;711;752;15596;
2646;714;753;16616;
2646;713;753;17628;
2631;711;753;18644;
2626;712;753;19664;
2636;711;753;20680;
2636;713;753;21700;
2617;712;752;22712;
2597;711;753;23732;
2592;713;752;24752;
2597;711;752;25768;
2592;711;752;26788;
2583;712;752;27808;
2573;713;753;28828;
2578;711;751;29840;
2573;711;754;30860;
2573;713;752;31880;
2563;711;754;32900;
2558;712;752;33916;
2558;713;753;34936;
2558;711;755;35952;
2543;711;754;36972;
2539;711;753;37996;
2534;712;752;39020;
2529;711;753;40040;
2529;713;752;41060;
2519;711;753;42080;
2514;713;752;43096;
2495;710;753;44116;
2500;711;754;45132;
2500;711;753;46152;
2485;712;753;47168;
2495;711;753;48188;
2470;711;752;49204;
2460;710;752;50224;
2465;713;755;51240;
2456;713;755;52260;
2446;715;752;53276;
2441;715;752;54296;
2431;711;752;55324;
2436;710;754;56348;
2436;712;753;57372;
2436;713;752;58392;
2421;716;752;59420;
2421;714;753;60440;
2412;716;753;61468;
2397;715;752;62488;
2402;715;754;63516;
2392;713;753;64540;
2387;716;754;24;
2397;716;753;1044;
2397;715;753;2068;
2377;716;753;3096;
2373;718;753;4120;
2368;718;753;5140;
2358;716;752;6168;
2358;716;752;7196;
2343;716;753;8220;
2348;719;753;9244;
2343;718;755;10268;
2324;719;752;11292;
2319;719;751;12316;
2319;719;752;13336;
2319;719;753;14364;
2314;718;752;15388;
2309;719;753;16412;
2304;719;752;17436;
2314;720;753;18456;
2304;722;753;19484;
2294;721;752;20504;
2285;721;752;21528;
2270;721;751;22548;
2280;721;752;23572;
2260;721;752;24592;
2285;721;753;25620;
2270;721;754;26640;
2270;722;753;27664;
2255;721;754;28692;
2241;723;752;29720;
2226;722;751;30740;
2221;723;752;31764;
2221;723;752;32788;
2221;722;752;33808;
2216;724;753;34824;
2197;724;751;35836;
2216;724;751;36856;
2216;724;751;37876;
2202;724;751;38892;
2207;724;752;39912;
2192;724;752;40932;
2202;725;751;41948;
2192;724;755;42968;
2192;723;754;43980;
2202;723;754;45000;
2192;725;754;46020;
2182;726;754;47044;
2177;726;754;48064;
2163;723;752;49084;
2167;723;753;50104;
2158;723;753;51124;
2167;725;754;52144;
2153;726;753;53164;
2158;726;753;54184;
2163;727;753;55204;
2148;725;752;56224;
2138;727;752;57244;
2143;726;752;58268;
2148;728;754;59288;
2143;728;752;60308;
2138;726;754;61328;
2124;728;752;62348;
2119;728;752;63368;
2124;726;753;64388;
2109;729;752;65408;
2124;728;753;892;
2109;728;752;1904;
2109;730;752;2916;
2089;729;752;3936;
2099;729;752;4956;
2080;728;752;5968;
2084;729;752;6988;
2089;729;752;8004;
2099;728;754;9024;
2094;731;752;10044;
2084;731;753;11064;
2094;728;752;12084;
2084;730;752;13104;
2075;729;753;14124;
2070;731;752;15144;
2080;729;753;16164;
2080;731;753;17184;
2065;728;752;18204;
2065;731;753;19224;
2065;731;752;20244;
2060;730;753;21264;
2065;732;752;22280;
2065;728;752;23300;
2065;729;754;24320;
2065;728;752;25340;
2045;731;753;26364;
2045;729;753;27384;
2045;728;754;28396;
2045;728;755;29416;
2036;728;753;30436;
2031;728;752;31456;
2045;729;753;32476;
2045;731;753;33496;
2036;728;753;34512;
2026;731;753;35532;
2026;728;753;36552;
2036;728;753;37572;
2036;729;752;38592;
2026;729;753;39612;
2036;729;753;40632;
2031;729;753;41652;
2036;730;754;42672;
2026;729;753;43692;
2026;731;755;44712;
2026;729;753;45732;
2021;729;753;46752;
2026;732;755;47772;
2016;729;753;48788;
2041;732;755;49808;
2006;729;753;50828;
2011;732;752;51848;
2011;731;752;52868;
2011;733;752;53888;
2011;732;754;54904;
2021;732;753;55924;
2021;731;755;56944;
2021;733;752;57964;
2006;731;753;58984;
1997;732;752;60004;
2021;732;753;61024;
2021;732;752;62044;
2016;732;753;63064;
1997;732;752;64084;
2006;730;752;65104;
2021;733;753;588;
2006;732;752;1600;
2021;732;753;2612;
2021;731;751;3628;
2006;731;753;4640;
2006;729;752;5656;
2016;733;754;6676;
2011;728;753;7696;
2016;734;753;8716;
1997;732;751;9736;
1992;733;752;10752;
2011;735;752;11772;
2021;732;752;12792;
2021;734;753;13812;
2011;734;752;14828;
2026;734;753;15848;
2021;733;752;16868;
2026;732;751;17888;
2026;734;755;18908;
2026;733;752;19928;
2026;732;753;20948;
2021;734;752;21968;
2045;732;752;22980;
2036;733;753;24000;
2045;732;753;25020;
2045;733;752;26040;
2036;732;752;27064;
2050;733;752;28084;
2045;734;752;29100;
2045;732;753;30120;
2045;732;752;31140;
2060;732;752;32160;
2065;732;753;33180;
2050;732;752;34200;
2050;732;752;35220;
2060;732;753;36232;
2065;731;753;37248;
2060;732;752;38268;
2060;734;752;39280;
2065;734;752;40292;
2070;733;752;41312;
2084;734;752;42328;
2089;733;754;43344;
2084;732;754;44364;
2075;732;752;45384;
2089;732;752;46404;
2094;732;753;47424;
2099;732;753;48444;
2099;732;752;49464;
2099;732;753;50480;
2099;729;755;51496;
2084;732;755;52512;
2094;732;755;53528;
2080;732;752;54548;
2075;732;753;55568;
2104;732;753;56588;
2114;732;755;57608;
2119;732;752;58624;
2119;732;755;59644;
2124;734;753;60660;
2138;732;753;61680;
2128;733;753;62696;
2128;729;753;63716;
2148;731;754;64728;
2128;734;753;204;
2128;734;753;1216;
2148;733;752;2236;
2148;732;752;3256;
2163;732;753;4276;
2167;734;751;5288;
2172;732;753;6308;
2167;733;752;7328;
2177;732;753;8348;
2182;732;753;9368;
2182;730;753;10388;
2182;732;753;11400;
2167;734;753;12412;
2182;730;753;13432;
2182;728;753;14452;
2192;732;752;15468;
2187;733;754;16488;
2187;733;753;17508;
2202;733;753;18528;
2207;733;753;19548;
2216;733;752;20568;
2221;733;753;21580;
2231;733;753;22600;
2236;732;752;23620;
2236;731;755;24640;
2241;732;753;25652;
2246;732;753;26672;
2255;732;753;27684;
2246;730;753;28704;
2250;733;752;29724;
2255;732;752;30744;
2275;732;753;31764;
2275;732;753;32784;
2265;732;752;33804;
2280;732;753;34816;
2294;733;754;35840;
2290;732;752;36860;
2275;732;751;37880;
2299;732;753;38896;
2304;733;753;39916;
2319;733;751;40932;
2324;732;751;41952;
2319;732;752;42972;
2324;732;753;43992;
2338;732;751;45012;
2329;732;753;46032;
2343;732;752;47052;
2353;733;753;48072;
2358;732;752;49092;
2358;732;752;50112;
2358;732;752;51132;
2373;732;753;52152;
2363;732;753;53172;
2363;732;752;54192;
2377;732;753;55212;
2377;732;753;56232;
2397;732;752;57248;
2402;732;753;58268;
2402;732;753;59288;
2412;732;751;60308;
2412;731;753;61328;
2416;731;753;62348;
2421;731;755;63368;
2436;732;753;64388;
2426;731;753;65408;
2431;732;753;892;
2441;729;753;1904;
2431;728;753;2916;
2426;729;751;3928;
2460;729;753;4940;
2456;728;752;5952;
2460;726;752;6972;
2460;727;752;7992;
2485;728;753;9012;
2475;727;752;10032;
2480;727;752;11052;
2480;727;753;12072;
2504;728;753;13092;
2514;728;753;14112;
2514;728;754;15132;
2504;726;752;16156;
2514;726;754;17176;
2514;724;753;18196;
2524;724;752;19216;
2534;726;753;20236;
2534;725;753;21256;
2534;728;752;22276;
2539;727;754;23296;
2553;724;753;24316;
2568;728;752;25336;
2568;727;753;26356;
2578;727;753;27376;
2573;726;753;28396;
2583;726;754;29420;
2583;727;753;30440;
2592;728;753;31460;
2607;728;753;32480;
2607;726;754;33500;
2612;726;754;34520;
2617;726;753;35540;
2607;727;752;36560;
2626;727;753;37580;
2622;725;752;38600;
2641;726;754;39624;
2646;727;752;40644;
2636;724;753;41664;
2646;723;752;42684;
2631;723;751;43704;
2651;724;752;44728;
2646;723;755;45748;
2651;723;750;46772;
2661;723;750;47792;
2661;723;752;48812;
2675;722;754;49832;
2666;721;752;50852;
2685;721;752;51876;
2690;719;753;52896;
2690;723;753;53916;
2690;719;753;54936;
2700;721;752;55956;
2709;721;752;56976;
2729;721;754;57996;
2714;719;753;59016;
2729;720;752;60036;
2734;721;753;61056;
2739;720;752;62076;
2753;719;753;63096;
2749;720;753;64116;
2749;719;752;65136;
2749;720;753;620;
2758;718;752;1632;
2773;719;753;2644;
2773;716;752;3656;
2763;719;754;4668;
2749;719;753;5684;
2773;719;751;6708;
2788;717;752;7728;
2773;718;753;8748;
2788;718;752;9768;
2778;718;752;10788;
2797;718;752;11808;
2807;717;753;12832;
2817;718;753;13852;
2817;716;753;14872;
2836;715;753;15892;
2832;718;754;16912;
2832;716;752;17932;
2827;716;752;18952;
2841;717;753;19972;
2846;718;752;20992;
2846;716;753;22012;
2846;716;753;23032;
2846;715;752;24048;
2871;716;753;25068;
2846;716;752;26088;
2861;716;752;27108;
2856;716;752;28128;
2871;716;753;29148;
2880;716;752;30168;
2885;716;753;31188;
2885;716;752;32208;
2885;716;753;33220;
2885;716;752;34240;
2895;716;752;35260;
2905;716;752;36276;
2905;716;753;37296;
2910;716;754;38308;
2919;712;754;39328;
2905;716;752;40344;
2910;713;753;41364;
2919;711;753;42380;
2924;715;753;43400;
2905;712;753;44416;
2924;716;752;45436;
2929;713;753;46452;
2929;714;751;47472;
2929;715;753;48488;
2934;714;752;49508;
2944;715;752;50528;
2934;713;752;51548;
2944;715;753;52564;
2949;713;754;53584;
2968;713;751;54600;
2958;713;752;55620;
2958;713;750;56640;
2958;713;752;57660;
2963;712;752;58680;
2958;711;753;59700;
2968;713;753;60716;
2973;711;752;61736;
2983;715;753;62752;
2983;711;754;63772;
2983;712;753;64788;
2973;713;753;272;
2963;714;753;1284;
2983;713;753;2296;
2988;711;753;3308;
2998;710;753;4320;
2978;711;754;5336;
2968;712;752;6356;
2983;713;752;7372;
2983;713;751;8392;
3002;713;751;9404;
3002;713;754;10424;
2998;711;752;11440;
2998;713;753;12460;
3002;712;752;13476;
2998;710;753;14496;
3007;713;755;15512;
3007;708;753;16532;
3007;712;753;17548;
3002;711;753;18568;
3002;712;754;19588;
3007;711;753;20608;
3022;712;753;21628;
3007;711;754;22644;
3002;713;752;23664;
3002;713;754;24680;
3002;713;751;25700;
3012;713;753;26712;
3022;711;752;27732;
3022;713;751;28752;
3027;713;753;29772;
3027;712;752;30792;
3012;713;753;31812;
3027;711;752;32832;
3027;713;753;33852;
3012;712;749;34868;
3027;713;753;35888;
3027;713;754;36904;
3022;711;752;37924;
3027;713;755;38940;
3012;711;753;39964;
3012;710;753;40984;
3027;711;753;42008;
3007;711;753;43032;
3002;711;751;44056;
2998;711;752;45084;
3007;711;753;46108;
3022;711;752;47132;
3012;712;752;48152;
3027;712;752;49180;
3022;712;752;50200;
3012;712;750;51224;
3002;713;752;52252;
2998;711;752;53272;
3012;711;752;54300;
3002;711;753;55320;
3012;711;754;56348;
3002;712;753;57368;
3007;712;751;58396;
2998;711;754;59420;
2983;712;752;60440;
2988;710;752;61468;
3002;712;753;62492;
3002;712;753;63516;
2988;711;753;64540;
2988;713;753;24;
3002;712;753;1052;
3002;713;753;2076;
2983;711;752;3100;
2988;712;755;4116;
2983;713;752;5136;
2988;712;752;6160;
2983;713;753;7188;
2983;710;752;8212;
2988;711;753;9236;
2983;712;752;10260;
2949;711;751;11284;
2968;711;752;12308;
2958;713;752;13332;
2958;711;753;14356;
2963;711;753;15380;
2968;711;753;16404;
2963;711;753;17432;
2958;713;751;18460;
2949;712;752;19484;
2949;711;752;20508;
2958;711;753;21532;
2944;710;753;22556;
2949;711;754;23580;
2934;711;753;24604;
2949;711;752;25624;
2929;711;751;26652;
2905;711;752;27676;
2915;710;752;28700;
2944;711;753;29724;
2929;711;753;30748;
2919;711;752;31772;
2929;713;752;32796;
2929;713;751;33816;
2910;713;752;34844;
2905;711;753;35864;
2905;710;753;36892;
2905;711;753;37912;
2905;711;753;38936;
2905;712;753;39952;
2885;711;753;40972;
2895;711;752;41996;
2885;708;752;43020;
2890;711;753;44044;
2880;711;753;45068;
2871;712;752;46092;
2846;712;751;47116;
2866;711;752;48144;
2871;711;753;49168;
2871;711;753;50196;
2856;711;752;51212;
2851;713;753;52240;
2856;712;754;53264;
2817;712;751;54288;
2841;712;751;55312;
2827;711;753;56340;
2832;711;753;57364;
2841;711;753;58388;
2827;711;752;59416;
2807;712;750;60444;
2802;711;753;61468;
2817;711;753;62492;
2807;711;753;63512;
2802;712;753;64536;
2807;713;752;28;
2792;712;752;1044;
2792;711;751;2064;
2792;711;752;3084;
2773;711;752;4112;
2773;713;753;5132;
2763;713;752;6156;
2768;711;755;7184;
2773;711;753;8208;
2773;711;753;9232;
2768;711;753;10252;
2763;711;753;11272;
2753;711;753;12296;
2749;713;753;13320;
2734;713;753;14348;
2729;713;753;15372;
2709;712;753;16396;
2734;713;753;17420;
2719;712;753;18440;
2714;711;753;19456;
2709;711;753;20476;
2700;713;752;21496;
2685;711;753;22508;
2685;712;751;23528;
2670;711;752;24544;
2685;713;752;25564;
2666;712;752;26584;
2670;712;752;27604;
2651;713;751;28624;
2661;713;753;29644;
2651;711;753;30664;
2636;712;752;31684;
2636;711;752;32704;
2636;712;751;33724;
2636;713;753;34744;
2631;711;753;35764;
2622;712;752;36784;
2612;713;752;37804;
2612;712;752;38824;
2617;713;753;39844;
2607;713;752;40864;
2612;713;752;41884;
2587;712;751;42908;
2573;711;752;43928;
2573;711;752;44952;
2573;713;753;45972;
2558;712;752;46992;
2558;711;753;48012;
2553;711;753;49032;
2558;713;752;50052;
2543;713;753;51072;
2548;712;753;52092;
2534;713;753;53112;
2534;713;752;54136;
2524;711;752;55156;
2514;712;754;56168;
2529;711;754;57180;
2529;713;752;58192;
2519;711;753;59204;
2504;714;753;60216;
2495;713;751;61240;
2495;711;755;62264;
2490;713;752;63284;
2475;712;752;64304;
2480;713;752;65324;
2460;713;753;808;
2451;713;751;1820;
2460;715;752;2832;
2460;713;753;3848;
2456;712;753;4860;
2460;713;753;5880;
2456;713;754;6900;
2451;713;755;7920;
2441;712;753;8940;
2441;713;754;9960;
2431;712;753;10980;
2412;713;753;12000;
2412;712;753;13020;
2382;713;753;14036;
2387;715;752;15056;
2397;716;752;16080;
2402;715;753;17100;
2377;716;753;18120;
2377;714;752;19144;
2382;716;753;20164;
2373;716;752;21184;
2377;716;753;22204;
2358;715;753;23224;
2348;716;753;24244;
2348;715;753;25264;
2343;716;752;26284;
2343;717;753;27304;
2338;716;753;28324;
2338;718;754;29344;
2324;715;754;30364;
2319;718;753;31384;
2309;719;753;32404;
2309;716;753;33424;
2304;719;752;34444;
2299;719;753;35456;
2285;721;752;36468;
2285;722;752;37488;
2280;721;752;38504;
2280;722;753;39524;
2280;722;752;40544;
2285;724;754;41564;
2260;723;751;42584;
2260;724;752;43604;
2255;723;751;44624;
2241;723;752;45644;
2231;723;752;46664;
2231;723;753;47684;
2221;724;752;48704;
2236;724;752;49724;
2216;724;752;50744;
2211;724;752;51764;
2202;724;752;52784;
2221;724;752;53804;
2216;726;752;54824;
2207;725;751;55844;
2187;725;750;56864;
2187;726;751;57884;
2187;725;752;58904;
2172;724;751;59924;
2182;726;751;60944;
2177;727;751;61964;
2187;726;749;62984;
2167;726;750;64004;
2163;726;751;65024;
2153;725;752;508;
2167;726;751;1524;
2177;728;753;2536;
2167;726;752;3556;
2153;727;753;4568;
2153;728;752;5580;
2148;728;752;6596;
2148;728;753;7616;
2153;727;754;8628;
2138;727;753;9644;
2148;729;753;10664;
2138;727;753;11680;
2128;726;753;12704;
2124;725;752;13724;
2114;726;753;14744;
2128;725;753;15760;
2109;727;754;16780;
2109;726;753;17800;
2104;726;753;18812;
2084;728;751;19832;
2089;728;751;20844;
2089;729;751;21864;
2099;729;753;22876;
2094;727;752;23892;
2084;727;752;24912;
2089;728;753;25932;
2070;728;753;26944;
2065;728;753;27964;
2070;729;752;28984;
2065;729;752;29996;
2065;728;752;31016;
2065;728;752;32032;
2055;729;750;33052;
2075;731;752;34068;
2065;731;753;35084;
2075;729;752;36104;
2065;730;751;37124;
2065;732;753;38144;
2065;732;753;39160;
2050;728;753;40176;
2055;728;755;41196;
2045;728;755;42208;
2026;731;752;43228;
2036;730;752;44240;
2036;732;752;45260;
2045;729;753;46272;
2045;730;753;47288;
2036;729;752;48308;
2026;729;753;49328;
2036;730;753;50348;
2041;729;754;51368;
2021;728;753;52380;
2031;729;753;53400;
2021;731;754;54420;
2026;732;752;55440;
2021;732;752;56452;
2026;732;752;57472;
2026;731;752;58484;
2026;732;752;59504;
2026;732;752;60520;
2021;731;753;61536;
2026;731;753;62556;
2026;732;753;63576;
2011;731;753;64588;
2006;731;753;72;
2006;732;752;1084;
2011;732;752;2104;
2011;732;752;3124;
2011;732;753;4144;
2026;732;753;5160;
2026;731;753;6172;
2021;730;754;7192;
2021;731;753;8216;
2026;733;753;9240;
2026;732;754;10260;
2011;732;752;11280;
2021;732;752;12304;
2006;731;753;13324;
2001;733;752;14348;
1997;731;751;15368;
2001;732;752;16380;
2021;733;753;17400;
2016;732;752;18412;
2021;730;755;19432;
2011;731;752;20448;
2021;732;755;21468;
2026;731;753;22488;
2016;731;754;23508;
2021;730;753;24524;
2026;731;755;25544;
2021;728;753;26564;
2021;731;754;27584;
2026;729;752;28604;
2011;732;755;29624;
2026;731;753;30644;
2026;732;753;31664;
2016;729;754;32680;
2026;733;752;33700;
2011;729;753;34720;
2026;732;753;35740;
2016;731;752;36760;
2021;731;753;37780;
2026;732;753;38804;
2045;729;754;39824;
2036;731;753;40844;
2045;732;753;41868;
2045;729;753;42888;
2036;728;752;43904;
2045;732;753;44924;
2045;732;753;45944;
2036;728;753;46956;
2055;732;752;47976;
2036;733;752;49000;
2050;731;755;50020;
2050;732;752;51040;
2060;732;753;52060;
2055;733;753;53080;
2045;732;755;54100;
2050;732;753;55120;
2065;731;753;56140;
2065;732;752;57160;
2060;732;753;58180;
2065;732;754;59200;
2060;732;752;60220;
2065;734;753;61240;
2060;731;754;62256;
2065;732;750;63276;
2075;732;752;64292;
2084;732;752;65312;
2084;732;752;792;
2094;731;752;1804;
2099;729;753;2816;
2099;729;753;3836;
2109;729;752;4856;
2084;731;751;5868;
2099;732;752;6884;
2114;732;753;7904;
2109;732;752;8920;
2114;732;753;9940;
2128;733;751;10960;
2138;734;753;11980;
2128;732;752;12996;
2143;731;754;14016;
2143;732;753;15032;
2128;729;752;16052;
2148;731;753;17068;
2138;729;753;18088;
2148;730;753;19108;
2158;730;754;20124;
2148;732;752;21144;
2148;729;753;22160;
2148;730;753;23180;
2158;731;753;24200;
2177;732;753;25220;
2163;732;752;26240;
2187;729;753;27264;
2177;728;753;28284;
2187;729;753;29308;
2177;729;753;30320;
2182;732;753;31340;
2187;731;752;32360;
2192;729;752;33380;
2202;729;753;34400;
2202;730;754;35424;
2216;732;752;36444;
2216;729;754;37464;
2211;732;752;38484;
2221;728;753;39504;
2241;732;753;40524;
2241;729;753;41544;
2246;732;754;42564;
2255;732;754;43584;
2246;732;754;44604;
2255;732;754;45624;
2265;731;753;46644;
2270;732;753;47664;
2265;729;753;48684;
2280;732;753;49704;
2275;733;754;50728;
2280;731;754;51748;
2280;732;753;52768;
2304;732;753;53788;
2285;729;753;54808;
2294;729;753;55832;
2304;730;753;56852;
2309;729;755;57872;
2309;731;754;58892;
2324;729;753;59912;
2324;731;753;60932;
2324;732;753;61952;
2343;728;753;62972;
2329;728;753;63992;
2343;728;752;65012;
2353;732;753;496;
2343;729;753;1508;
2343;732;753;2520;
2343;731;751;3540;
2348;732;754;4560;
2377;732;754;5572;
2387;732;753;6584;
2382;731;753;7604;
2382;732;754;8624;
2402;728;753;9644;
2402;730;754;10660;
2407;731;753;11680;
2416;731;754;12692;
2421;732;753;13712;
2412;731;753;14728;
2416;731;751;15748;
2421;731;753;16764;
2421;730;752;17784;
2451;731;751;18800;
2441;729;752;19820;
2441;729;753;20832;
2456;729;752;21852;
2460;728;752;22872;
2460;728;752;23888;
2480;728;752;24904;
2475;729;753;25924;
2460;730;754;26936;
2465;729;750;27956;
2495;728;751;28968;
2504;730;752;29988;
2500;728;751;31004;
2500;728;753;32024;
2514;731;752;33036;
2529;728;753;34056;
2514;724;753;35072;
2519;728;753;36092;
2514;728;753;37108;
2534;729;753;38128;
2534;728;755;39140;
2534;728;752;40160;
2558;728;752;41176;
2563;728;753;42196;
2573;728;750;43212;
2568;726;752;44232;
2573;728;753;45248;
2592;727;755;46268;
2573;726;752;47280;
2597;728;753;48300;
2592;728;753;49316;
2617;726;753;50336;
2612;726;755;51352;
2592;726;752;52372;
2617;726;752;53388;
2617;726;752;54408;
2636;726;754;55420;
2636;726;753;56440;
2646;723;755;57460;
2651;723;753;58476;
2661;722;753;59496;
2651;723;753;60512;
2651;721;753;61532;
2661;721;755;62544;
2670;723;753;63564;
2661;722;752;64576;
2661;722;751;60;
2675;722;751;1080;
2670;721;752;2100;
2690;721;752;3120;
2690;721;753;4140;
2709;720;753;5152;
2724;721;755;6172;
2724;721;753;7192;
2724;721;753;8216;
2734;720;754;9236;
2729;719;753;10256;
2734;721;752;11280;
2734;721;751;12304;
2734;721;752;13324;
2749;721;755;14344;
2749;719;755;15368;
2753;719;752;16388;
2763;719;753;17416;
2773;718;754;18432;
2778;716;753;19452;
2778;719;752;20472;
2773;716;755;21488;
2778;716;753;22508;
2792;719;753;23528;
2792;716;754;24548;
2792;718;752;25568;
2792;716;753;26588;
2807;718;753;27608;
2807;719;753;28628;
2807;718;752;29648;
2812;717;752;30668;
2827;718;753;31692;
2832;716;754;32712;
2836;717;753;33732;
2846;718;755;34752;
2841;717;752;35772;
2846;718;753;36792;
2846;716;754;37812;
2846;717;754;38832;
2856;716;754;39852;
2866;716;753;40872;
2866;716;753;41892;
2866;716;755;42908;
2880;716;753;43928;
2875;716;753;44952;
2885;716;752;45972;
2885;715;753;46992;
2885;716;753;48012;
2895;716;752;49032;
2885;716;753;50052;
2905;715;753;51076;
2905;713;755;52096;
2905;712;753;53116;
2915;712;753;54136;
2905;711;754;55156;
2910;712;754;56176;
2919;713;753;57196;
2919;712;753;58216;
2919;712;753;59236;
2929;711;755;60256;
2939;712;752;61276;
2939;712;753;62296;
2949;713;752;63316;
2944;712;755;64336;
2949;712;753;65356;
2949;713;755;840;
2934;711;752;1852;
2939;715;752;2864;
2958;714;753;3876;
2958;711;753;4888;
2968;711;754;5904;
2968;715;754;6924;
2973;715;754;7944;
2973;715;753;8964;
2968;713;752;9984;
2968;713;755;11004;
2978;711;753;12028;
2983;713;755;13048;
2983;713;752;14068;
2973;713;753;15088;
2983;712;753;16108;
2988;711;753;17128;
2983;711;753;18152;
2983;711;755;19172;
2988;711;754;20192;
2998;712;753;21216;
2988;713;755;22236;
2988;711;754;23256;
3002;712;755;24276;
3002;711;753;25296;
3002;713;753;26316;
3002;711;754;27336;
3007;712;753;28356;
3012;711;752;29376;
3002;711;753;30396;
3007;711;753;31416;
3002;713;753;32436;
3002;715;754;33456;
3012;712;752;34476;
3012;711;753;35496;
3012;711;753;36516;
3022;712;753;37532;
3017;712;753;38552;
3012;711;753;39572;
3012;711;753;40592;
3027;712;752;41612;
3027;711;754;42632;
3012;711;755;43652;
3027;710;753;44672;
3027;713;754;45692;
3027;711;754;46712;
3027;712;753;47736;
3017;712;754;48756;
3027;713;753;49776;
3027;711;753;50796;
3027;711;752;51816;
3027;711;753;52836;
3022;712;753;53856;
3022;711;753;54876;
3027;713;752;55896;
3022;713;754;56916;
3027;711;753;57936;
3022;711;753;58956;
3022;711;754;59976;
3027;711;753;60996;
3022;711;755;62016;
3022;711;754;63036;
3022;711;754;64056;
3012;713;754;65076;
3022;713;753;560;
3027;712;753;1576;
3027;711;753;2592;
3012;712;753;3604;
3002;711;752;4616;
3007;713;753;5636;
3012;713;750;6656;
3012;712;753;7676;
3007;712;753;8696;
2998;713;752;9716;
3002;712;752;10736;
3002;713;752;11756;
3002;713;753;12776;
3002;712;753;13796;
2998;713;752;14820;
2983;711;752;15840;
2988;712;752;16860;
2983;712;751;17880;
2988;713;752;18900;
2983;713;751;19920;
2983;712;753;20940;
2983;713;751;21960;
2998;712;753;22976;
2998;714;752;23996;
2983;713;751;25012;
2983;711;753;26032;
2983;713;752;27048;
2983;711;752;28068;
2973;712;752;29080;
2978;711;752;30100;
2973;711;753;31120;
2978;712;753;32140;
2968;711;753;33156;
2963;713;753;34176;
2968;710;753;35196;
2958;713;753;36216;
2958;711;753;37232;
2949;711;753;38252;
2949;712;752;39272;
2939;713;753;40288;
2939;712;752;41308;
2929;712;754;42324;
2944;713;753;43344;
2949;713;754;44360;
2944;713;753;45380;
2934;714;751;46400;
2929;713;753;47420;
2929;713;753;48432;
2929;714;753;49448;
2929;711;753;50468;
2929;711;754;51488;
2919;711;753;52508;
2905;711;753;53528;
2905;711;753;54544;
2895;711;754;55560;
2885;712;752;56580;
2871;712;753;57596;
2885;713;752;58616;
2885;713;752;59632;
2885;713;753;60652;
2871;711;752;61672;
2871;712;753;62692;
2880;713;753;63708;
2871;713;753;64728;
2871;712;750;212;
2866;708;753;1224;
2871;711;753;2244;
2871;711;753;3268;
2866;712;753;4288;
2856;711;754;5300;
2846;711;753;6316;
2846;712;755;7336;
2817;712;753;8352;
2827;711;755;9376;
2832;711;753;10396;
2841;712;753;11416;
2827;711;752;12432;
2807;712;752;13452;
2802;712;754;14468;
2802;713;752;15488;
2807;711;752;16504;
2797;713;752;17524;
2797;712;752;18540;
2792;713;752;19560;
2792;712;753;20580;
2788;712;752;21596;
2788;711;752;22616;
2778;711;755;23628;
2773;711;753;24648;
2773;711;754;25668;
2749;711;754;26684;
2753;711;754;27700;
2749;712;752;28720;
2744;711;752;29736;
2724;711;753;30760;
2734;711;753;31780;
2729;712;752;32800;
2714;713;752;33820;
2724;713;753;34844;
2724;713;753;35864;
2729;713;753;36884;
2700;712;752;37904;
2709;713;755;38924;
2709;712;752;39944;
2690;711;753;40964;
2700;711;753;41988;
2690;711;753;43012;
2685;711;753;44036;
2670;713;752;45064;
2661;713;752;46080;
2670;711;752;47100;
2661;713;753;48116;
2661;713;751;49140;
2651;711;753;50160;
2636;713;752;51180;
2646;715;752;52200;
2636;713;752;53216;
2622;713;752;54236;
2622;712;755;55256;
2626;713;754;56276;
2617;711;753;57296;
2607;712;752;58316;
2612;711;754;59336;
2592;711;754;60356;
2592;711;754;61376;
2597;711;753;62392;
2592;711;753;63412;
2583;711;753;64432;
2568;711;753;65452;
2573;711;753;936;
2558;711;755;1948;
2529;711;753;2960;
2548;713;751;3976;
2543;713;753;4988;
2534;711;751;6012;
2514;716;753;7032;
2514;712;754;8052;
2519;711;753;9072;
2514;711;752;10092;
2514;714;753;11112;
2514;713;751;12132;
2509;711;754;13152;
2509;712;752;14172;
2495;712;755;15192;
2465;714;752;16212;
2475;712;753;17232;
2480;711;752;18252;
2460;711;752;19272;
2465;712;752;20292;
2460;715;753;21312;
2441;713;752;22332;
2451;713;754;23352;
2460;713;753;24372;
2451;713;754;25392;
2446;715;753;26412;
2436;714;753;27432;
2421;715;755;28452;
2402;716;752;29472;
2416;715;753;30492;
2397;718;752;31512;
2407;716;752;32532;
2402;715;751;33552;
2382;715;752;34572;
2377;718;751;35592;
2377;716;753;36612;
2377;716;753;37632;
2377;716;752;38652;
2358;716;752;39672;
2353;719;753;40692;
2358;716;754;41712;
2348;718;752;42732;
2324;718;750;43752;
2338;716;753;44772;
2338;716;752;45792;
2319;717;751;46812;
2343;719;752;47832;
2324;719;754;48852;
2294;720;752;49872;
2285;720;751;50892;
2299;719;752;51912;
2304;719;754;52932;
2304;719;753;53952;
2304;719;755;54972;
2304;720;754;55992;
2294;720;753;57012;
2290;719;753;58032;
2285;721;754;59052;
2280;719;753;60072;
2260;723;752;61096;
2255;723;751;62116;
2255;723;751;63136;
2260;723;753;64152;
2246;723;753;65172;
2246;724;754;656;
2246;721;753;1668;
2221;720;753;2680;
2226;723;753;3696;
2221;724;753;4708;
2221;724;752;5728;
2207;725;753;6748;
2202;725;753;7768;
2202;725;753;8788;
2216;725;751;9804;
2197;725;753;10824;
2187;726;751;11848;
2177;724;752;12868;
2192;727;753;13888;
2187;726;752;14904;
2187;725;753;15924;
2187;726;753;16944;
2177;727;751;17964;
2163;727;752;18984;
2163;726;751;20008;
2148;728;752;21028;
2153;727;753;22048;
2153;728;753;23072;
2153;728;751;24084;
2148;728;752;25104;
2153;726;753;26124;
2153;728;752;27144;
2128;727;752;28164;
2138;726;753;29184;
2128;728;753;30204;
2124;727;752;31228;
2124;728;751;32248;
2114;728;752;33268;
2114;727;752;34288;
2114;728;752;35304;
2109;726;753;36324;
2114;727;752;37344;
2114;728;752;38364;
2099;728;752;39384;
2104;726;753;40396;
2089;726;753;41416;
2099;728;753;42432;
2084;726;753;43452;
2089;728;753;44468;
2065;726;754;45488;
2075;728;753;46508;
2065;728;753;47520;
2065;728;751;48540;
2075;728;751;49552;
2084;729;752;50572;
2065;729;751;51588;
2065;728;753;52604;
2065;728;752;53624;
2065;729;755;54644;
2060;728;753;55656;
2055;729;752;56676;
2045;728;753;57692;
2041;731;753;58712;
2036;731;753;59728;
2026;731;751;60748;
2045;729;753;61764;
2060;730;752;62780;
2045;731;751;63800;
2026;731;752;64820;
2050;732;753;304;
2050;728;754;1316;
2041;728;753;2336;
2036;728;753;3348;
2011;731;751;4364;
2026;732;753;5376;
2036;732;752;6388;
2036;732;752;7408;
2031;728;753;8424;
2041;730;755;9444;
2026;729;753;10464;
2011;728;753;11476;
2016;730;752;12496;
2026;731;754;13512;
2011;729;752;14532;
2011;732;752;15552;
2026;732;750;16564;
2021;733;751;17580;
2031;732;753;18600;
2016;731;751;19620;
2006;731;751;20640;
2026;734;754;21660;
2021;729;753;22672;
2021;730;752;23692;
2021;729;753;24712;
2016;731;753;25724;
2021;728;752;26744;
2006;732;752;27764;
2011;731;754;28780;
2011;731;753;29800;
2011;732;753;30820;
1997;731;753;31840;
2011;730;753;32860;
1992;733;754;33880;
2021;732;752;34892;
2011;732;751;35912;
2006;732;752;36936;
1987;732;753;37956;
1992;731;754;38976;
1992;730;753;40000;
2001;729;753;41020;
2011;731;752;42040;
2011;732;752;43064;
2011;732;753;44076;
2016;731;752;45088;
2026;734;753;46108;
2026;731;753;47128;
2021;732;753;48144;
2026;731;753;49168;
2026;734;754;50188;
2026;731;753;51208;
2026;732;750;52228;
2026;732;753;53244;
2036;732;754;54260;
2031;732;752;55280;
2036;734;753;56300;
2036;732;754;57320;
2036;732;755;58340;
2045;732;754;59356;
2036;732;754;60376;
2036;729;754;61396;
2026;728;755;62412;
2041;732;752;63432;
2050;728;755;64452;
2041;732;753;65472;
2041;734;752;956;
2036;732;751;1968;
2055;733;753;2980;
2050;732;753;4000;
2060;733;750;5012;
2045;730;753;6028;
2045;731;753;7048;
2050;732;755;8064;
2065;732;753;9084;
2065;731;754;10104;
2050;732;752;11124;
2065;732;753;12144;
2065;733;753;13164;
2050;732;752;14176;
2065;734;753;15196;
2070;732;751;16212;
2075;733;752;17232;
2089;733;752;18248;
2099;734;753;19268;
2089;732;753;20288;
2084;731;753;21308;
2084;732;751;22328;
2089;732;753;23348;
2089;732;752;24368;
2099;732;753;25388;
2109;733;754;26404;
2109;731;754;27424;
2109;729;753;28436;
2124;732;754;29456;
2119;732;754;30472;
2119;733;753;31492;
2114;731;753;32512;
2119;732;752;33532;
2114;729;754;34552;
2124;731;755;35572;
2114;734;752;36592;
2148;732;755;37612;
2148;732;752;38632;
2138;732;753;39648;
2124;732;751;40668;
2124;732;752;41684;
2148;732;751;42704;
2148;733;752;43724;
2163;733;751;44744;
2148;732;753;45768;
2163;733;753;46788;
2167;731;753;47808;
2177;733;752;48828;
2172;731;753;49848;
2182;733;753;50868;
2172;732;752;51888;
2192;732;754;52908;
2187;732;752;53928;
2177;732;750;54948;
2187;729;753;55968;
2187;731;753;56992;
2202;731;753;58012;
2207;733;752;59032;
2221;731;753;60052;
2216;732;752;61072;
2221;733;755;62092;
2241;733;753;63112;
2241;732;755;64132;
2246;734;755;65152;
2255;734;753;636;
2236;732;752;1648;
2255;732;753;2660;
2260;731;753;3672;
2255;732;753;4684;
2255;733;752;5696;
2260;732;752;6716;
2260;732;751;7736;
2246;732;750;8756;
2270;733;753;9780;
2275;731;753;10804;
2304;734;753;11824;
2285;732;752;12844;
2304;732;755;13864;
2294;732;752;14884;
2304;732;753;15904;
2309;732;753;16924;
2324;733;753;17944;
2314;732;752;18964;
2319;732;753;19984;
2333;732;753;21004;
2333;733;752;22024;
2338;728;752;23048;
2353;731;754;24072;
2343;731;753;25092;
2358;729;752;26112;
2353;731;753;27132;
2358;729;753;28152;
2377;734;753;29172;
2377;729;753;30192;
2382;731;753;31212;
2387;732;755;32232;
2402;732;753;33252;
2402;730;753;34272;
2397;731;753;35292;
2402;729;754;36312;
2402;731;754;37332;
2416;729;753;38344;
2416;729;755;39364;
2416;729;753;40384;
2421;731;753;41400;
2421;731;752;42420;
2416;731;752;43432;
2436;731;751;44452;
2451;731;750;45472;
2460;732;753;46492;
2456;729;752;47504;
2475;729;753;48524;
2465;728;753;49536;
2475;731;754;50556;
2490;728;753;51572;
2490;730;753;52592;
2480;729;752;53604;
2475;730;753;54628;
2490;728;752;55648;
2495;728;752;56668;
2495;729;753;57688;
2514;727;753;58708;
2509;728;752;59728;
2500;728;753;60748;
2529;729;753;61768;
2534;729;752;62780;
2534;728;752;63800;
2534;728;752;64816;
2543;728;752;296;
2558;727;754;1312;
2568;728;753;2328;
2568;727;753;3348;
2573;724;754;4372;
2583;728;753;5384;
2568;728;753;6400;
2583;728;753;7420;
2568;726;752;8436;
2573;726;751;9456;
2583;724;752;10476;
2592;726;752;11496;
2573;725;750;12516;
2597;725;753;13532;
2607;724;752;14552;
2617;723;750;15568;
2631;724;752;16588;
2641;724;753;17604;
2636;723;753;18624;
2646;723;754;19644;
2661;723;754;20660;
2670;722;753;21680;
2670;723;753;22696;
2661;719;753;23716;
2670;721;752;24736;
2670;720;752;25748;
2670;720;753;26768;
2651;722;751;27788;
2690;722;752;28800;
2675;720;752;29824;
2690;721;752;30844;
2700;722;751;31860;
2714;721;752;32880;
2714;721;752;33896;
2705;721;753;34912;
2734;720;753;35932;
2734;721;752;36952;
2739;719;753;37972;
2749;719;755;38988;
2749;720;752;40008;
2749;718;753;41028;
2763;721;753;42044;
2749;719;752;43064;
2739;717;753;44080;
2753;719;752;45100;
2753;719;753;46116;
2753;719;752;47136;
2763;718;753;48156;
2758;719;751;49176;
2778;718;753;50200;
2802;719;753;51224;
2797;718;753;52248;
2802;719;755;53272;
2807;719;755;54296;
2802;719;753;55324;
2792;719;752;56344;
2797;718;753;57372;
2812;714;752;58396;
2827;718;753;59416;
2817;716;752;60444;
2827;718;753;61468;
2827;718;752;62492;
2817;717;752;63516;
2827;718;751;64536;
2832;717;753;28;
2846;716;753;1052;
2846;716;752;2076;
2866;715;755;3096;
2871;717;752;4124;
2871;717;753;5140;
2880;715;753;6160;
2880;717;753;7184;
2871;716;753;8204;
2880;717;753;9232;
2885;716;753;10256;
2875;715;753;11284;
2885;715;753;12308;
2900;715;753;13332;
2895;716;753;14356;
2880;715;751;15384;
2890;716;752;16408;
2919;716;752;17432;
2905;712;753;18456;
2919;711;753;19480;
2910;713;752;20508;
2934;716;753;21532;
2910;716;752;22552;
2910;713;752;23580;
2929;713;752;24600;
2924;715;752;25624;
2924;712;752;26652;
2934;712;752;27672;
2939;713;752;28696;
2944;714;753;29720;
2939;713;753;30744;
2934;714;752;31768;
2958;712;752;32796;
2968;715;753;33820;
2968;713;752;34840;
2958;712;753;35868;
2949;712;752;36892;
2963;714;752;37912;
2963;713;753;38940;
2963;713;753;39960;
2983;713;754;40988;
2983;711;754;42012;
2983;711;754;43032;
2983;711;753;44052;
2968;708;753;45076;
2988;711;754;46100;
2988;713;753;47124;
2944;711;751;48152;
2973;712;752;49176;
2983;713;753;50200;
2998;712;753;51224;
2998;711;753;52248;
2998;713;753;53272;
2998;711;754;54292;
3002;713;753;55320;
2983;713;752;56344;
2983;712;752;57372;
2998;711;753;58392;
2998;711;752;59416;
2998;710;753;60440;
3002;712;752;61468;
2993;712;752;62492;
2988;711;752;63516;
2983;711;753;64536;
2998;710;753;28;
2993;712;752;1044;
3017;711;753;2072;
3002;710;752;3096;
3012;713;753;4124;
3002;713;752;5140;
3027;712;752;6168;
3002;712;753;7196;
3012;713;753;8220;
3027;711;754;9244;
3027;713;753;10268;
3027;713;753;11292;
3027;713;752;12316;
3022;711;752;13336;
3002;711;750;14360;
3007;711;752;15388;
3002;711;752;16408;
3012;710;752;17432;
3017;712;752;18460;
3012;711;751;19484;
3002;711;752;20508;
3002;712;752;21532;
3007;713;752;22552;
3012;713;752;23580;
3017;710;754;24604;
3012;709;754;25628;
3002;712;753;26652;
3002;711;752;27676;
3012;715;752;28696;
3002;712;752;29724;
3012;713;751;30744;
2998;712;752;31768;
3012;711;752;32796;
3007;711;752;33820;
3017;711;754;34844;
3002;711;753;35868;
2998;711;753;36892;
2998;711;752;37916;
3002;712;752;38936;
2988;712;753;39960;
3012;711;753;40988;
3012;712;754;42008;
3012;711;753;43036;
3007;713;753;44056;
3007;713;753;45080;
3002;712;753;46108;
2973;713;752;47132;
2983;712;752;48152;
2988;708;752;49180;
2988;711;752;50204;
2998;711;752;51228;
2998;712;753;52248;
2983;711;752;53272;
2993;712;752;54296;
2983;712;752;55320;
2983;711;753;56348;
2998;711;754;57372;
2973;712;752;58392;
2973;708;752;59420;
2968;711;752;60436;
2968;711;753;61464;
2983;711;753;62484;
2958;711;752;63512;
2949;711;750;64536;
2954;713;752;24;
2949;711;753;1052;
2954;710;752;2076;
2949;711;753;3100;
2954;711;753;4124;
2944;712;753;5140;
2949;711;750;6164;
2944;714;753;7192;
2954;711;753;8216;
2949;712;753;9240;
2944;711;753;10264;
2944;711;753;11292;
2949;711;753;12308;
2939;711;753;13332;
2929;713;753;14360;
2915;711;751;15384;
2915;711;752;16404;
2910;712;752;17428;
2919;711;752;18452;
2905;711;752;19476;
2910;711;752;20504;
2895;712;750;21528;
2885;712;751;22552;
2900;713;753;23580;
2895;712;753;24600;
2895;711;754;25628;
2885;710;753;26652;
2880;711;752;27676;
2890;713;753;28700;
2866;712;751;29724;
2856;711;752;30744;
2856;711;752;31772;
2856;711;752;32792;
2851;712;752;33808;
2871;712;752;34836;
2856;711;753;35860;
2856;710;752;36884;
2841;712;752;37912;
2832;712;749;38936;
2841;713;752;39964;
2841;713;753;40984;
2846;713;754;42008;
2832;711;755;43032;
2827;712;753;44056;
2836;713;753;45084;
2817;713;752;46108;
2802;712;755;47132;
2792;711;753;48152;
2817;711;753;49180;
2792;711;753;50204;
2802;713;753;51228;
2792;711;753;52252;
2797;713;751;53276;
2778;712;753;54300;
2768;712;752;55320;
2773;711;753;56344;
2773;711;753;57372;
2773;713;753;58392;
2773;712;753;59412;
2768;713;754;60432;
2763;711;753;61456;
2749;711;753;62480;
2753;711;753;63504;
2734;713;752;64528;
2734;713;753;12;
2724;713;752;1036;
2709;712;749;2056;
2714;711;752;3080;
2709;711;753;4104;
2705;712;753;5116;
2680;711;752;6136;
2700;713;753;7156;
2705;713;752;8168;
2700;711;753;9188;
2685;711;753;10204;
2690;711;753;11224;
2690;712;753;12244;
2685;712;753;13264;
2670;711;754;14284;
2670;711;754;15304;
2670;713;755;16320;
2666;710;753;17340;
2656;711;753;18360;
2651;711;753;19380;
2641;711;753;20400;
2636;713;754;21420;
2636;711;753;22440;
2626;711;754;23460;
2636;711;755;24480;
2622;711;754;25500;
2612;710;754;26520;
2612;711;755;27540;
2617;711;753;28560;
2597;710;754;29580;
2597;710;753;30600;
2587;709;752;31624;
2568;711;753;32644;
2573;710;752;33664;
2583;711;754;34684;
2568;711;752;35704;
2558;711;753;36724;
2553;711;753;37744;
2558;713;754;38764;
2543;711;752;39784;
2534;710;752;40804;
2534;711;754;41824;
2534;711;753;42844;
2514;712;752;43864;
2529;711;753;44884;
2529;711;753;45904;
2514;713;752;46924;
2509;711;755;47944;
2495;711;753;48964;
2495;711;753;49984;
2500;712;754;51004;
2485;713;753;52024;
2480;713;755;53044;
2480;712;754;54064;
2480;712;754;55084;
2465;715;754;56104;
2460;712;754;57124;
2456;715;753;58144;
2460;713;753;59168;
2451;715;754;60188;
2441;715;755;61208;
2441;716;753;62228;
2436;716;755;63248;
2436;716;753;64268;
2421;717;753;65292;
2416;717;752;776;
2416;717;752;1788;
2397;716;754;2800;
2377;716;752;3816;
2397;718;749;4828;
2377;718;752;5844;
2373;717;751;6864;
2387;717;754;7884;
2382;718;753;8904;
2377;717;753;9924;
2373;717;754;10944;
2373;718;755;11964;
2363;718;753;12984;
2348;719;752;14004;
2343;719;752;15024;
2338;719;752;16044;
2333;719;752;17064;
2333;719;753;18084;
2333;718;753;19104;
2324;720;751;20124;
2304;719;752;21144;
2314;720;753;22164;
2309;721;752;23184;
2285;719;752;24204;
2294;721;753;25228;
2280;720;752;26248;
2270;722;751;27268;
2280;719;752;28288;
2255;721;752;29308;
2280;723;751;30328;
2260;721;751;31348;
2255;722;752;32368;
2255;722;752;33388;
2241;723;753;34408;
2241;722;752;35428;
2221;721;752;36448;
2231;723;751;37468;
2241;723;752;38488;
2221;724;753;39508;
2221;724;752;40528;
2216;725;752;41548;
2216;724;752;42572;
2221;723;755;43588;
2192;724;751;44608;
2202;726;752;45628;
2202;724;751;46644;
2202;726;752;47664;
2211;726;751;48684;
2207;727;753;49704;
2197;726;753;50720;
2202;724;753;51740;
2187;726;752;52764;
2167;726;752;53784;
2177;727;753;54808;
2163;726;752;55832;
2177;724;753;56852;
2158;726;751;57872;
2148;727;753;58892;
2148;726;752;59912;
2138;727;750;60932;
2128;724;752;61952;
2128;728;752;62972;
2143;727;753;63988;
2143;727;752;65008;
2124;726;751;492;
2133;728;751;1504;
2128;726;754;2516;
2124;723;752;3536;
2124;726;754;4556;
2114;728;752;5568;
2109;726;751;6580;
2109;728;752;7596;
2104;728;752;8616;
2109;728;752;9636;
2109;728;752;10652;
2109;727;754;11664;
2109;728;754;12684;
2109;728;752;13700;
2099;726;755;14720;
2109;726;755;15740;
2089;729;752;16760;
2075;728;752;17772;
2075;728;752;18788;
2080;728;752;19804;
2084;728;751;20824;
2070;729;751;21844;
2084;730;751;22864;
2075;729;753;23880;
2075;729;752;24896;
2070;729;753;25912;
2065;728;752;26932;
2065;728;753;27952;
2065;729;753;28972;
2060;728;754;29988;
2065;728;753;31008;
2065;729;753;32028;
2031;730;753;33040;
2041;729;752;34060;
2026;728;754;35080;
2031;732;751;36100;
2045;732;752;37112;
2045;732;751;38132;
2045;731;751;39152;
2045;732;753;40168;
2041;732;752;41188;
2026;731;754;42208;
2045;731;755;43224;
2036;729;753;44240;
2036;731;754;45260;
2026;731;755;46280;
2026;730;755;47292;
2026;731;754;48312;
2026;731;752;49332;
2026;732;752;50348;
2036;732;752;51360;
2026;731;753;52384;
2011;730;753;53404;
2026;731;752;54424;
2031;732;752;55436;
2026;731;752;56456;
2021;729;753;57468;
2021;730;752;58488;
2021;729;753;59508;
2006;729;753;60520;
2011;729;753;61540;
2021;731;752;62560;
2011;732;753;63576;
2011;732;753;64596;
2011;732;752;76;
2011;731;753;1088;
2021;730;752;2108;
2026;731;752;3132;
2016;732;752;4152;
2026;729;753;5164;
2021;731;752;6176;
2006;729;755;7196;
2021;729;753;8220;
2021;729;754;9244;
2021;731;754;10260;
2011;731;754;11280;
2021;732;753;12304;
2021;732;754;13328;
2021;732;754;14348;
2026;732;754;15364;
2021;731;753;16380;
2026;731;753;17400;
2021;731;752;18416;
2031;732;754;19436;
2026;732;753;20456;
2011;732;753;21472;
2016;732;754;22492;
2026;732;752;23512;
2006;731;752;24528;
2011;732;755;25548;
2016;733;752;26568;
2006;732;751;27588;
2011;732;753;28608;
2026;732;752;29628;
2026;732;751;30648;
2011;732;752;31668;
2021;733;752;32688;
2026;733;753;33708;
2031;733;751;34728;
2026;732;753;35748;
2036;733;752;36768;
2031;732;753;37788;
2036;732;750;38808;
2026;733;752;39828;
2026;732;752;40848;
2036;732;752;41868;
2045;732;753;42888;
2045;733;752;43908;
2036;733;751;44928;
2050;732;752;45948;
2045;732;752;46964;
2065;732;752;47984;
2060;732;752;49004;
2050;733;753;50024;
2065;733;752;51044;
2060;733;754;52064;
2060;732;752;53084;
2065;732;752;54104;
2075;732;752;55124;
2075;732;752;56144;
2089;733;752;57156;
2084;729;753;58176;
2084;732;753;59192;
2089;732;753;60212;
2094;731;753;61232;
2104;732;751;62256;
2104;731;753;63276;
2089;732;752;64296;
2099;731;753;65316;
2104;732;752;800;
2114;732;753;1812;
2099;731;752;2824;
2109;732;752;3840;
2119;735;753;4852;
2114;731;753;5864;
2128;729;753;6884;
2128;731;752;7900;
2128;732;753;8924;
2138;732;753;9940;
2138;729;752;10960;
2138;728;752;11976;
2153;729;753;12996;
2148;731;755;14012;
2148;732;752;15032;
2124;732;755;16048;
2138;732;751;17068;
2148;734;753;18088;
2163;732;751;19108;
2153;732;755;20128;
2158;733;751;21148;
2163;732;752;22168;
2153;731;749;23188;
2182;732;752;24204;
2172;732;752;25224;
2187;732;753;26244;
2192;732;753;27268;
2187;732;752;28288;
2187;732;751;29308;
2202;732;754;30328;
2202;732;751;31348;
2202;733;752;32368;
2221;732;753;33388;
2211;732;751;34408;
2221;733;751;35428;
2221;732;752;36444;
2221;731;752;37464;
2226;732;754;38484;
2236;732;753;39504;
2246;732;753;40524;
2241;732;753;41544;
2260;732;752;42564;
2255;732;753;43584;
2260;732;752;44604;
2265;732;752;45628;
2260;732;755;46648;
2260;732;753;47668;
2260;732;753;48688;
2280;732;752;49708;
2280;732;753;50728;
2294;732;751;51748;
2309;731;753;52768;
2294;732;753;53788;
2285;733;751;54808;
2304;732;755;55828;
2324;732;754;56848;
2319;732;751;57868;
2304;732;751;58888;
2338;732;755;59908;
2343;732;754;60928;
2333;731;752;61948;
2343;733;752;62968;
2343;732;752;63988;
2338;731;752;65008;
2348;732;753;492;
2377;732;751;1508;
2377;731;752;2520;
2382;730;753;3532;
2382;732;752;4544;
2397;732;751;5556;
2387;732;753;6576;
2397;731;752;7596;
2407;731;754;8616;
2407;730;754;9636;
2412;731;755;10660;
2402;731;753;11680;
2412;731;754;12700;
2421;731;755;13716;
2436;731;752;14736;
2436;730;752;15752;
2456;729;752;16772;
2460;731;754;17792;
2460;731;753;18804;
2460;726;755;19824;
2460;728;753;20836;
2480;730;752;21856;
2480;725;754;22876;
2480;729;754;23896;
2480;729;752;24908;
2495;731;751;25924;
2485;730;753;26948;
2485;729;753;27968;
2504;728;754;28988;
2495;729;752;30008;
2519;728;751;31020;
2514;729;753;32040;
2519;728;753;33056;
2534;728;753;34076;
2534;728;755;35096;
2553;728;753;36116;
2553;727;753;37136;
2553;726;753;38148;
2568;726;754;39168;
2568;726;753;40188;
2573;724;753;41204;
2573;728;753;42224;
2573;728;753;43236;
2558;726;752;44252;
2583;726;752;45272;
2597;727;752;46288;
2592;727;754;47308;
2607;726;752;48324;
2607;723;754;49344;
2617;724;753;50360;
2617;724;753;51380;
2622;725;753;52400;
2622;721;753;53420;
2631;721;753;54432;
2646;724;753;55452;
2631;723;753;56468;
2636;722;752;57488;
2626;723;753;58504;
2631;722;751;59524;
2656;723;752;60540;
2670;722;753;61560;
2675;723;753;62572;
2685;721;753;63592;
2690;723;753;64608;
2680;720;752;92;
2690;719;752;1104;
2695;720;752;2116;
2690;723;753;3136;
2695;721;755;4160;
2700;722;752;5172;
2714;720;753;6188;
2714;721;751;7208;
2729;721;753;8228;
2729;721;753;9244;
2734;722;753;10268;
2739;721;752;11292;
2734;721;751;12312;
2734;719;752;13340;
2763;719;754;14364;
2753;719;753;15388;
2773;719;753;16412;
2768;719;753;17436;
2773;719;752;18456;
2768;718;752;19484;
2749;718;752;20508;
2773;719;751;21528;
2792;719;755;22556;
2802;719;753;23576;
2792;718;753;24600;
2802;717;753;25628;
2807;719;753;26652;
2797;718;752;27676;
2807;719;752;28700;
2792;717;754;29724;
2817;716;753;30748;
2827;716;755;31772;
2827;717;753;32796;
2832;718;753;33816;
2841;718;753;34840;
2827;716;752;35868;
2832;716;753;36892;
2846;718;753;37916;
2856;713;753;38940;
2856;716;753;39964;
2871;715;753;40984;
2861;716;753;42012;
2871;717;753;43036;
2866;716;750;44060;
2846;716;753;45084;
2856;716;753;46104;
2885;713;754;47132;
2895;715;753;48156;
2900;715;753;49180;
2890;715;752;50204;
2895;715;752;51228;
2905;715;752;52252;
2885;716;752;53276;
2885;715;752;54296;
2919;715;752;55324;
2924;716;753;56344;
2929;713;754;57372;
2929;713;754;58396;
2929;712;753;59412;
2929;716;753;60436;
2934;715;753;61456;
2929;715;752;62484;
2929;716;752;63512;
2919;713;752;64532;
2944;713;753;20;
2949;711;753;1044;
2949;715;754;2068;
2939;713;752;3096;
2939;714;752;4120;
2934;715;752;5144;
2949;713;751;6168;
2949;712;753;7192;
2958;711;753;8216;
2958;711;753;9244;
2968;713;753;10260;
2968;713;752;11284;
2968;712;752;12308;
2973;713;753;13328;
2973;712;752;14352;
2963;711;752;15376;
2983;713;754;16404;
2983;713;755;17424;
2988;712;753;18448;
2978;711;752;19472;
2983;713;753;20496;
2983;711;752;21520;
2983;713;751;22548;
2988;713;752;23572;
3002;711;753;24600;
3002;711;754;25624;
3002;711;753;26648;
2998;713;753;27668;
3002;715;753;28692;
2983;711;752;29720;
3007;713;753;30748;
3002;711;752;31772;
3012;711;753;32796;
3002;711;753;33820;
3012;713;751;34844;
3002;713;752;35868;
2988;711;750;36892;
3002;713;752;37916;
3022;712;753;38940;
3002;711;753;39960;
3017;711;752;40988;
3007;711;753;42008;
3012;712;751;43036;
3002;712;752;44060;
2988;712;750;45084;
3002;713;752;46108;
3027;712;755;47132;
3012;710;753;48152;
3027;711;753;49180;
3022;712;753;50204;
3022;711;752;51228;
3027;713;753;52252;
2998;711;750;53276;
3002;712;751;54300;
3027;713;753;55324;
3027;711;754;56348;
3022;711;753;57372;
3012;711;751;58396;
3022;713;752;59420;
3012;712;753;60444;
3002;713;751;61468;
3027;715;752;62492;
3027;713;753;63516;
3027;711;753;64540;
3027;711;753;24;
3017;713;752;1048;
3012;711;752;2076;
3002;713;751;3096;
3002;713;752;4120;
3012;711;753;5136;
3002;713;753;6160;
3007;712;752;7184;
3012;711;753;8208;
3017;711;754;9232;
3007;712;753;10260;
3007;713;752;11284;
3002;713;752;12312;
3002;712;753;13336;
3012;711;754;14364;
3002;711;753;15388;
3002;710;753;16408;
3002;711;752;17432;
2998;711;754;18456;
2988;712;752;19484;
2993;713;752;20508;
3002;712;752;21532;
2998;711;754;22556;
2998;711;752;23580;
2998;711;753;24604;
2998;713;755;25628;
2998;712;752;26648;
2973;711;752;27676;
2968;713;755;28700;
2983;712;754;29724;
2973;710;753;30748;
2983;711;753;31772;
2983;712;753;32796;
2973;712;753;33820;
2968;712;751;34844;
2963;713;753;35868;
2958;712;752;36892;
2954;711;753;37916;
2968;711;753;38936;
2963;711;753;39964;
2963;711;753;40988;
2958;707;753;42004;
2954;711;753;43032;
2958;711;753;44056;
2929;711;751;45080;
2939;712;752;46104;
2934;711;753;47128;
2939;711;753;48152;
2934;711;754;49180;
2934;712;752;50200;
2929;711;752;51224;
2929;712;752;52252;
2910;712;751;53276;
2915;711;755;54300;
2919;711;752;55324;
2929;711;753;56348;
2924;712;753;57372;
2919;712;754;58392;
2910;712;752;59420;
2895;713;752;60440;
2885;711;753;61464;
2885;711;755;62488;
2885;711;753;63512;
2885;711;752;64540;
2885;710;755;24;
2885;711;753;1052;
2871;711;752;2072;
2871;711;751;3096;
2846;712;751;4120;
2866;712;753;5136;
2856;713;752;6156;
2846;712;752;7180;
2846;714;755;8208;
2846;713;753;9228;
2846;711;753;10256;
2851;711;754;11276;
2841;711;753;12300;
2817;713;752;13328;
2827;713;753;14352;
2807;713;751;15376;
2817;712;755;16400;
2827;711;753;17424;
2807;710;753;18448;
2822;712;752;19472;
2817;713;754;20496;
2807;713;752;21524;
2792;713;752;22548;
2792;711;753;23576;
2802;711;753;24600;
2788;712;753;25624;
2792;713;752;26652;
2773;712;752;27676;
2763;712;753;28696;
2758;712;753;29720;
2773;711;755;30748;
2763;711;753;31772;
2763;710;753;32796;
2763;711;754;33812;
2749;710;755;34832;
2749;711;753;35856;
2739;713;755;36876;
2734;711;753;37900;
2734;712;753;38920;
2729;711;754;39932;
2729;711;754;40952;
2714;711;753;41964;
2719;711;753;42984;
2714;713;753;44004;
2695;711;753;45020;
2690;712;753;46040;
2670;712;752;47056;
2680;713;752;48076;
2675;713;752;49096;
2670;711;753;50116;
2656;712;753;51136;
2646;712;751;52160;
2651;711;754;53180;
2646;712;753;54200;
2646;712;752;55220;
2631;713;751;56240;
2636;711;753;57260;
2617;712;752;58280;
2626;712;752;59300;
2622;713;752;60320;
2617;712;752;61340;
2607;715;752;62360;
2607;714;753;63380;
2592;712;752;64400;
2592;714;752;65420;
2583;711;755;904;
2573;711;753;1920;
2573;712;751;2936;
2578;714;750;3948;
2583;711;754;4964;
2573;711;753;5980;
2568;711;755;7000;
2573;711;755;8020;
2558;711;754;9040;
2558;711;753;10060;
2553;711;753;11080;
2539;711;754;12100;
2543;711;755;13120;
2529;711;753;14140;
2534;711;754;15160;
2529;711;753;16180;
2529;711;753;17204;
2514;711;753;18224;
2514;711;753;19244;
2504;713;755;20264;
2500;711;753;21284;
2490;711;753;22304;
2495;711;753;23324;
2480;713;753;24344;
2480;711;753;25364;
2480;713;753;26384;
2460;711;753;27404;
2465;712;753;28428;
2456;714;753;29448;
2456;713;755;30468;
2436;712;753;31488;
2436;716;752;32508;
2436;715;753;33528;
2426;714;753;34548;
2431;715;753;35568;
2421;714;753;36588;
2421;716;752;37608;
2412;713;753;38628;
2402;715;753;39648;
2402;716;753;40668;
2397;716;754;41688;
2387;714;753;42708;
2387;715;753;43728;
2368;718;752;44748;
2373;716;752;45768;
2363;718;752;46788;
2348;717;752;47808;
2348;716;752;48828;
2348;719;752;49848;
2343;717;753;50868;
2343;717;752;51888;
2343;719;753;52908;
2343;719;754;53928;
2319;718;752;54948;
2324;718;752;55972;
2319;719;753;56992;
2324;719;753;58012;
2304;719;753;59032;
2299;720;753;60052;
2299;720;753;61072;
2299;721;753;62092;
2294;720;753;63112;
2294;722;753;64132;
2280;723;753;65152;
2285;721;753;636;
2280;723;753;1648;
2275;723;755;2660;
2260;724;752;3672;
2260;723;753;4684;
2260;723;753;5696;
2255;723;753;6716;
2246;721;753;7736;
2246;721;753;8756;
2231;721;752;9772;
2231;720;753;10792;
2221;724;753;11812;
2231;723;753;12832;
2221;726;752;13852;
2221;724;755;14868;
2202;724;752;15888;
2192;723;753;16908;
2192;726;753;17928;
2187;723;753;18944;
2177;726;751;19964;
2187;726;752;20984;
2177;726;751;22004;
2167;727;752;23024;
2177;727;752;24044;
2158;723;753;25064;
2163;726;752;26084;
2153;726;752;27104;
2153;727;751;28124;
2163;728;753;29144;
2148;727;753;30164;
2148;728;752;31176;
2153;728;753;32196;
2148;728;753;33216;
2148;729;752;34236;
2133;728;752;35256;
2138;728;752;36276;
2138;728;753;37296;
2133;728;752;38312;
2138;727;753;39332;
2138;728;753;40344;
2119;726;752;41356;
2114;728;752;42376;
2109;728;753;43388;
2089;728;753;44408;
2099;728;752;45428;
2109;728;751;46440;
2099;728;752;47460;
2094;728;753;48472;
2104;727;753;49492;
2099;728;753;50512;
2089;728;755;51524;
2075;727;753;52544;
2070;729;752;53564;
2065;729;752;54576;
2080;731;752;55596;
2075;731;753;56616;
2060;728;752;57636;
2065;729;752;58656;
2084;730;752;59668;
2075;729;752;60684;
2065;729;753;61704;
2065;728;753;62720;
2065;729;753;63740;
2065;728;753;64752;
2060;728;754;236;
2050;729;751;1248;
2045;732;753;2268;
2045;730;752;3288;
2026;731;751;4308;
2045;728;755;5320;
2060;729;753;6332;
2060;731;753;7348;
2026;728;753;8364;
2026;729;752;9384;
2011;729;752;10396;
2036;729;752;11416;
2026;731;752;12428;
2026;731;751;13448;
2045;732;751;14468;
2026;731;751;15488;
2026;728;752;16508;
2036;731;752;17524;
2036;729;755;18544;
2026;729;755;19556;
2026;729;753;20576;
2011;729;754;21596;
2026;729;754;22616;
2036;731;753;23636;
2021;731;753;24656;
2011;729;752;25672;
2026;728;755;26692;
2011;731;752;27712;
2011;731;752;28724;
2011;732;751;29744;
2011;732;752;30764;
2011;731;752;31780;
2011;732;751;32800;
2011;732;752;33820;
2006;732;752;34844;
2006;732;753;35868;
2011;732;752;36892;
2006;732;752;37912;
2021;729;755;38936;
2026;732;752;39956;
2021;732;753;40976;
2011;730;753;41996;
2026;728;755;43020;
2011;730;753;44044;
2011;729;752;45068;
2011;732;752;46092;
2021;735;755;47108;
2006;729;753;48120;
2026;732;754;49144;
2026;734;753;50164;
2026;733;752;51184;
2026;734;751;52204;
2016;730;753;53224;
2026;731;753;54240;
2026;731;753;55264;
2031;731;751;56280;
2026;732;752;57300;
2026;731;753;58320;
2031;732;753;59340;
2026;732;754;60360;
2026;732;755;61380;
2026;732;754;62400;
2021;731;754;63420;
2026;731;753;64440;
2026;731;752;65460;
2045;728;754;944;
2036;731;755;1956;
2026;732;751;2968;
2045;734;753;3984;
2045;732;752;5004;
2050;732;753;6016;
2036;730;753;7036;
2045;729;755;8056;
2045;732;754;9076;
2045;732;753;10100;
2050;732;753;11116;
2045;731;753;12136;
2050;730;752;13156;
2060;734;751;14176;
2065;731;753;15196;
2065;732;754;16216;
2045;732;752;17236;
2060;732;753;18256;
2065;732;754;19280;
2070;732;752;20300;
2065;732;753;21320;
2070;732;752;22340;
2075;732;752;23360;
2075;731;755;24380;
2075;732;752;25396;
2075;731;753;26416;
2084;733;752;27436;
2089;729;752;28456;
2089;731;753;29472;
2084;731;753;30492;
2089;731;752;31512;
2099;731;753;32532;
2094;731;753;33552;
2104;729;753;34572;
2099;732;753;35592;
2114;731;754;36612;
2119;732;753;37632;
2114;731;753;38652;
2124;732;752;39672;
2124;732;753;40692;
2128;731;753;41708;
2124;732;752;42728;
2128;729;753;43744;
2109;731;752;44764;
2124;729;752;45780;
2138;732;751;46800;
2124;732;752;47820;
2128;732;752;48840;
2133;732;752;49860;
2133;732;753;50880;
2138;728;753;51900;
2138;732;751;52920;
2138;731;752;53936;
2163;732;752;54956;
2163;732;753;55976;
2167;732;752;56996;
2177;732;752;58016;
2167;732;751;59036;
2172;732;751;60056;
2172;732;752;61076;
2182;732;752;62096;
2187;732;752;63116;
2187;732;752;64136;
2197;732;751;65152;
2192;732;752;636;
2207;733;752;1648;
2211;729;753;2660;
2226;733;753;3672;
2202;733;751;4684;
2221;734;753;5696;
2231;732;753;6716;
2241;730;753;7736;
2241;733;754;8756;
2246;732;752;9776;
2260;733;751;10800;
2246;731;752;11820;
2250;732;752;12840;
2260;732;754;13860;
2270;734;753;14880;
2260;732;752;15900;
2280;731;752;16920;
2270;732;752;17940;
2294;732;752;18960;
2285;732;752;19980;
2285;732;753;21000;
2304;731;752;22020;
2314;733;754;23044;
2309;732;752;24064;
2309;732;752;25084;
2319;732;751;26104;
2324;732;754;27124;
2324;732;752;28144;
2338;732;754;29164;
2333;732;753;30184;
2348;732;753;31204;
2343;732;753;32224;
2343;731;753;33244;
2348;732;752;34264;
2363;732;753;35284;
2358;731;752;36300;
2377;732;753;37320;
2377;732;754;38336;
2377;731;753;39356;
2377;732;753;40376;
2392;728;753;41388;
2402;732;753;42408;
2402;731;753;43420;
2402;731;753;44440;
2397;732;753;45456;
2412;731;752;46476;
2407;731;752;47492;
2426;732;752;48512;
2436;732;752;49532;
2431;731;753;50552;
2451;730;752;51568;
2451;729;754;52588;
2451;732;755;53600;
2460;728;755;54620;
2465;729;754;55636;
2475;731;755;56656;
2451;729;752;57668;
2470;729;754;58688;
2480;729;755;59708;
2480;728;753;60728;
2475;729;752;61748;
2495;728;751;62760;
2500;729;753;63780;
2514;729;753;64792;
2509;726;753;276;
2529;727;755;1288;
2524;728;754;2300;
2529;728;753;3324;
2534;728;753;4344;
2529;728;752;5360;
2529;728;751;6380;
2558;728;752;7392;
2558;727;752;8412;
2558;727;752;9424;
2568;726;755;10444;
2573;723;755;11464;
2573;726;753;12480;
2578;727;753;13500;
2583;723;755;14520;
2583;726;754;15536;
2602;727;753;16556;
2597;723;753;17576;
2612;724;753;18596;
2592;723;753;19612;
2592;724;752;20632;
2597;724;753;21644;
2622;724;752;22664;
2617;723;752;23680;
2617;723;751;24700;
2641;723;752;25716;
2646;723;751;26736;
2656;723;753;27756;
2661;723;753;28768;
2651;722;753;29788;
2661;725;753;30804;
2666;722;753;31824;
2670;719;753;32844;
2675;723;753;33864;
2670;723;753;34876;
2685;723;753;35900;
2680;723;753;36916;
2670;721;751;37936;
2709;722;752;38948;
2709;721;754;39968;
2714;721;752;40988;
2705;720;751;42012;
2705;721;752;43036;
2724;720;753;44060;
2739;719;753;45084;
2739;721;753;46108;
2749;718;753;47132;
2749;719;755;48156;
2744;719;752;49180;
2749;720;752;50204;
2753;719;754;51224;
2773;719;753;52248;
2753;717;753;53276;
2763;718;752;54300;
2778;721;754;55320;
2773;719;752;56348;
2778;719;752;57368;
2788;719;753;58396;
2773;719;755;59420;
2792;716;753;60440;
2792;715;752;61464;
2807;716;753;62492;
2807;719;753;63512;
2817;718;753;64536;
2807;717;752;28;
2817;718;752;1040;
2822;719;753;2068;
2802;718;751;3092;
2827;718;752;4116;
2827;718;752;5132;
2841;718;752;6160;
2846;716;752;7184;
2846;715;755;8212;
2866;716;755;9236;
2861;717;753;10256;
2846;716;752;11280;
2851;716;751;12308;
2856;716;753;13332;
2885;716;753;14356;
2871;713;752;15380;
2871;713;753;16404;
2885;715;752;17424;
2890;716;753;18448;
2885;715;753;19472;
2871;715;751;20496;
2871;715;752;21524;
2905;716;752;22544;
2905;715;753;23568;
2905;711;753;24592;
2919;713;753;25612;
2924;713;754;26636;
2924;716;753;27660;
2924;716;754;28684;
2905;714;752;29708;
2910;716;752;30732;
2929;715;753;31756;
2929;713;752;32780;
2924;711;752;33808;
2934;713;753;34832;
2929;713;753;35852;
2944;713;748;36876;
2929;713;750;37904;
2968;715;754;38928;
2958;715;754;39952;
2949;711;753;40980;
2963;714;754;42004;
2949;713;752;43028;
2954;715;755;44056;
2963;713;753;45080;
2968;711;754;46108;
2973;713;753;47132;
2968;713;753;48152;
2963;711;750;49180;
2963;712;752;50204;
2983;713;753;51228;
2968;713;754;52252;
2973;711;753;53276;
2968;713;753;54300;
2993;711;753;55320;
2978;711;752;56348;
2968;711;751;57372;
2968;712;750;58392;
2973;713;752;59416;
2983;713;753;60440;
3002;712;753;61464;
3002;713;753;62492;
2998;711;753;63512;
2993;713;751;64536;
2988;711;751;24;
2983;712;752;1044;
3002;713;752;2072;
2998;709;752;3100;
2998;712;753;4116;
2998;711;752;5132;
2998;711;753;6156;
2998;711;752;7176;
3002;712;753;8200;
3022;710;753;9224;
3007;710;755;10248;
3012;711;753;11276;
3017;713;755;12300;
3002;713;753;13324;
3012;713;752;14348;
3022;712;753;15372;
3027;711;753;16396;
3022;712;753;17420;
3022;713;753;18448;
3002;712;752;19476;
3002;712;752;20500;
3002;711;752;21520;
3022;713;752;22540;
3012;711;754;23568;
3022;710;753;24592;
3012;711;753;25620;
3002;714;752;26644;
3002;712;752;27668;
3012;712;753;28692;
3027;713;753;29716;
3022;711;753;30744;
3002;711;752;31768;
3022;711;753;32796;
2998;712;750;33820;
3012;712;752;34844;
3007;711;753;35868;
3012;711;752;36888;
3022;711;752;37916;
3027;712;752;38940;
3022;713;750;39964;
3022;712;753;40988;
3002;712;753;42012;
2998;713;751;43032;
3012;712;753;44060;
3012;711;753;45084;
3002;711;753;46108;
3012;714;753;47132;
3012;713;752;48156;
3007;713;753;49180;
3002;711;752;50200;
2993;713;752;51228;
2998;712;753;52252;
3002;710;753;53272;
2998;713;754;54300;
3002;713;753;55324;
2998;711;752;56348;
2998;712;753;57372;
2973;711;751;58392;
2978;711;752;59416;
2988;712;753;60440;
2988;711;753;61464;
2983;710;755;62492;
2983;712;754;63516;
2988;713;755;64540;
2978;713;751;28;
2968;711;752;1044;
2973;712;751;2068;
2949;711;751;3096;
2978;712;753;4120;
2958;710;753;5148;
2963;711;753;6168;
2963;711;753;7196;
2958;711;752;8212;
2968;714;753;9236;
2958;712;752;10260;
2934;713;752;11284;
2949;713;752;12312;
2958;711;753;13336;
2954;710;753;14360;
2949;711;754;15384;
2944;711;752;16412;
2929;712;751;17436;
2929;714;753;18460;
2944;712;755;19484;
2934;711;753;20504;
2934;711;755;21528;
2929;711;753;22552;
2919;711;752;23576;
2910;712;753;24600;
2905;712;752;25624;
2905;713;753;26652;
2905;712;753;27676;
2915;713;754;28696;
2910;712;753;29720;
2895;711;754;30744;
2895;711;753;31768;
2890;712;753;32792;
2871;713;752;33816;
2871;711;752;34840;
2871;713;752;35860;
2871;713;752;36880;
2866;711;752;37900;
2866;713;752;38924;
2846;711;752;39944;
2861;712;752;40968;
2871;711;753;41992;
2866;711;753;43016;
2846;711;753;44040;
2846;713;751;45068;
2841;712;752;46096;
2841;711;753;47120;
2846;711;754;48148;
2832;711;754;49172;
2841;713;752;50196;
2817;713;751;51224;
2817;712;753;52248;
2827;713;753;53276;
2807;710;754;54296;
2807;711;755;55320;
2817;713;753;56348;
2802;712;752;57372;
2778;713;752;58396;
2792;713;754;59420;
2778;711;754;60440;
2792;711;755;61464;
2778;711;753;62492;
2773;711;753;63512;
2778;713;752;64540;
2773;713;751;28;
2749;713;753;1044;
2749;712;753;2072;
2763;711;753;3100;
2753;711;754;4120;
2749;711;753;5140;
2739;711;753;6168;
2749;713;753;7196;
2719;713;752;8220;
2714;713;752;9244;
2714;713;752;10268;
2690;711;751;11284;
2690;711;750;12304;
2700;712;752;13324;
2700;713;753;14348;
2690;713;753;15368;
2700;711;752;16392;
2695;711;753;17416;
2685;711;755;18440;
2670;711;753;19460;
2670;711;753;20476;
2666;710;753;21492;
2651;711;754;22512;
2651;711;753;23532;
2651;711;753;24556;
2646;711;753;25572;
2651;711;753;26592;
2636;711;753;27612;
2636;711;752;28636;
2612;711;753;29648;
2617;712;752;30668;
2617;713;753;31688;
2607;713;753;32708;
2607;712;752;33728;
2583;713;752;34748;
2583;712;752;35768;
2573;711;752;36788;
2573;711;752;37808;
2573;712;752;38828;
2558;711;753;39848;
2573;714;753;40860;
2558;711;752;41872;
2573;712;753;42884;
2543;711;753;43904;
2558;711;755;44924;
2553;711;753;45944;
2534;711;754;46964;
2543;711;755;47984;
2539;711;753;49004;
2529;711;753;50024;
2534;711;754;51044;
2514;711;753;52064;
2519;712;755;53084;
2504;711;755;54104;
2504;712;755;55128;
2490;712;753;56148;
2495;711;753;57168;
2475;711;752;58188;
2480;711;753;59208;
2480;713;753;60228;
2480;715;752;61252;
2460;712;753;62272;
2470;715;753;63292;
2460;713;753;64312;
2460;715;753;65332;
2436;715;753;816;
2431;713;752;1836;
2431;713;752;2848;
2416;715;752;3860;
2416;716;750;4872;
2412;716;752;5892;
2407;716;750;6912;
2397;716;752;7932;
2397;716;752;8952;
2387;716;750;9968;
2397;715;752;10988;
2377;716;753;12008;
2377;716;753;13028;
2387;718;751;14048;
2382;716;752;15068;
2363;719;752;16088;
2368;716;754;17108;
2373;718;751;18128;
2363;721;753;19148;
2348;719;751;20168;
2348;717;752;21188;
2338;719;752;22208;
2338;718;753;23228;
2333;720;752;24248;
2309;719;752;25268;
2324;718;752;26288;
2304;719;752;27308;
2319;719;753;28328;
2319;719;753;29348;
2309;720;752;30368;
2294;719;752;31388;
2299;723;752;32412;
2294;721;754;33432;
2260;721;752;34452;
2260;720;752;35472;
2280;722;752;36492;
2260;721;752;37512;
2260;722;752;38532;
2255;722;752;39548;
2246;721;752;40568;
2255;719;753;41588;
2260;723;752;42608;
2231;723;752;43628;
2255;726;753;44648;
2236;723;751;45668;
2216;723;752;46688;
2221;723;753;47708;
2231;723;754;48728;
2221;723;752;49748;
2216;726;753;50768;
2221;724;752;51788;
2216;723;753;52808;
2207;725;752;53828;
2187;725;752;54848;
2182;724;751;55872;
2182;723;752;56892;
2167;724;752;57912;
2167;724;752;58932;
2182;725;753;59952;
2167;726;751;60972;
2163;727;753;61996;
2148;726;751;63016;
2153;727;752;64036;
2153;727;752;65056;
2153;728;752;536;
2153;728;752;1548;
2148;725;752;2560;
2138;724;753;3572;
2133;727;752;4584;
2138;728;752;5604;
2128;728;753;6624;
2133;728;752;7644;
2128;728;752;8664;
2114;728;752;9684;
2128;728;752;10700;
2114;728;752;11716;
2114;727;753;12736;
2114;726;753;13748;
2109;728;753;14768;
2114;728;754;15788;
2114;728;753;16808;
2104;728;753;17828;
2104;728;753;18848;
2089;726;754;19864;
2089;728;753;20884;
2075;728;753;21896;
2089;728;752;22916;
2099;729;751;23928;
2089;729;752;24944;
2084;729;752;25960;
2084;729;751;26980;
2065;728;753;27996;
2065;729;753;29016;
2060;725;753;30032;
2065;731;753;31052;
2065;729;752;32072;
2065;728;753;33092;
2065;731;753;34112;
2060;729;753;35128;
2045;729;752;36144;
2041;729;753;37160;
2045;729;751;38180;
2041;731;755;39196;
2045;729;751;40216;
2050;731;751;41236;
2045;729;752;42256;
2045;732;752;43272;
2050;732;753;44288;
2045;732;753;45308;
2050;728;754;46328;
2036;730;755;47344;
2036;729;753;48364;
2036;731;754;49376;
2031;729;753;50396;
2026;729;754;51416;
2026;732;753;52436;
2026;731;752;53448;
2026;732;752;54468;
2026;732;753;55480;
2036;729;753;56496;
2036;731;754;57516;
2026;734;754;58536;
2026;732;755;59556;
2026;732;754;60576;
2026;732;753;61596;
2016;733;753;62616;
2026;732;753;63636;
2026;731;753;64656;
2011;731;753;132;
2026;729;755;1148;
2021;731;752;2168;
2011;732;752;3188;
2006;732;753;4208;
2006;732;752;5220;
2026;731;755;6232;
2011;731;755;7248;
2021;729;754;8268;
2016;728;752;9280;
2011;732;752;10300;
1992;729;752;11312;
1997;730;755;12332;
1997;729;753;13352;
2006;732;752;14372;
2006;731;751;15384;
2006;731;752;16408;
1992;732;753;17432;
2021;732;753;18456;
2021;732;753;19476;
2011;732;752;20496;
1997;732;751;21512;
2011;732;751;22524;
2016;730;755;23544;
2026;732;752;24560;
2021;732;751;25580;
2021;732;752;26604;
2026;732;752;27620;
2026;731;753;28640;
2021;731;752;29660;
2036;731;752;30680;
2026;731;753;31696;
2026;729;752;32716;
2036;732;755;33736;
2041;729;753;34756;
2045;731;752;35776;
2041;729;754;36796;
2026;729;752;37816;
2036;730;752;38836;
2036;729;752;39856;
2036;731;752;40872;
2026;728;752;41892;
2045;731;755;42912;
2036;729;752;43932;
2041;730;753;44952;
2036;731;753;45976;
2050;731;755;46996;
2045;731;752;48016;
2045;729;753;49036;
2045;732;753;50056;
2065;734;753;51076;
2065;729;753;52096;
2065;729;753;53108;
2050;730;753;54128;
2060;732;753;55148;
2060;732;753;56168;
2065;731;754;57188;
2080;729;753;58212;
2065;729;754;59228;
2075;732;752;60248;
2065;731;754;61268;
2075;732;753;62288;
2075;731;753;63308;
2065;732;752;64328;
2075;731;753;65348;
2089;729;753;832;
2075;732;752;1844;
2109;734;753;2856;
2109;732;753;3880;
2099;732;752;4900;
2109;732;753;5912;
2114;732;752;6928;
2109;728;752;7948;
2109;729;752;8968;
2114;730;753;9988;
2119;728;752;11008;
2124;731;752;12028;
2124;729;752;13052;
2124;729;753;14064;
2128;731;752;15084;
2138;731;752;16104;
2148;732;753;17124;
2148;731;753;18144;
2128;731;753;19156;
2148;732;753;20176;
2143;732;753;21192;
2148;732;751;22212;
2148;732;752;23232;
2148;732;753;24252;
2153;731;751;25272;
2167;732;752;26292;
2167;732;752;27312;
2187;734;752;28328;
2182;732;753;29348;
2172;732;753;30368;
2187;732;752;31388;
2187;731;751;32408;
2187;732;752;33428;
2182;732;751;34448;
2202;732;752;35468;
2192;733;752;36488;
2216;732;752;37508;
2207;732;751;38528;
2216;732;752;39548;
2207;732;751;40568;
2216;732;752;41592;
2221;732;752;42612;
2221;732;753;43636;
2231;731;752;44656;
2241;732;752;45676;
2241;731;752;46696;
2241;732;752;47716;
2246;732;755;48732;
2260;732;752;49752;
2260;732;751;50772;
2270;732;752;51792;
2270;731;751;52812;
2270;732;751;53832;
2285;732;753;54848;
2285;732;752;55868;
2280;732;752;56888;
2304;732;751;57908;
2304;732;752;58928;
2304;732;752;59948;
2319;732;751;60964;
2314;733;754;61984;
2324;731;753;63004;
2338;732;753;64024;
2329;732;751;65044;
2333;731;752;528;
2343;732;753;1540;
2353;730;753;2556;
2343;732;753;3568;
2348;732;753;4580;
2363;732;751;5600;
2358;732;753;6620;
2358;731;752;7640;
2377;731;753;8660;
2368;731;752;9680;
2397;732;752;10696;
2387;731;753;11716;
2397;730;752;12732;
2397;729;754;13752;
2416;732;753;14768;
2412;727;754;15788;
2426;729;754;16804;
2426;729;752;17824;
2431;728;755;18844;
2431;729;753;19864;
2436;728;754;20884;
2436;730;752;21904;
2441;729;753;22916;
2460;731;753;23936;
2441;731;753;24948;
2460;731;753;25968;
2465;731;752;26984;
2480;729;753;28004;
2480;730;753;29020;
2470;729;753;30040;
2480;731;752;31060;
2490;728;753;32080;
2495;729;752;33096;
2490;728;752;34116;
2514;729;755;35132;
2509;729;752;36152;
2529;728;752;37172;
2529;730;753;38192;
2534;727;754;39208;
2529;729;752;40232;
2504;728;753;41244;
2519;728;752;42264;
2534;728;754;43280;
2534;728;749;44300;
2558;728;752;45312;
2568;728;753;46332;
2568;728;751;47348;
2573;728;751;48368;
2568;726;752;49388;
2583;728;752;50404;
2587;723;753;51424;
2597;726;753;52440;
2607;726;753;53460;
2617;724;753;54476;
2592;728;753;55496;
2607;727;753;56512;
2612;727;753;57532;
2617;726;753;58552;
2631;724;752;59572;
2622;724;752;60592;
2636;724;752;61612;
2626;723;753;62632;
2636;723;755;63656;
2651;720;753;64676;
2651;723;753;160;
2661;723;755;1180;
2670;718;753;2200;
2661;722;753;3212;
2680;723;752;4224;
2675;721;753;5236;
2685;723;753;6256;
2690;719;752;7276;
2690;719;753;8292;
2705;721;754;9312;
2714;721;755;10332;
2714;720;753;11344;
2695;720;752;12364;
2700;719;752;13384;
2709;720;752;14404;
2724;719;752;15420;
2714;720;752;16440;
2739;719;751;17456;
2729;719;753;18476;
2744;719;749;19492;
2753;719;754;20512;
2763;719;752;21532;
2773;721;751;22556;
2749;719;752;23580;
2773;719;753;24604;
2768;718;753;25628;
2792;719;753;26652;
2792;720;753;27676;
2802;719;753;28700;
2792;719;753;29720;
2802;719;751;30748;
2802;719;754;31772;
2797;718;753;32796;
2807;718;755;33820;
2807;714;753;34844;
2827;716;753;35868;
2817;716;753;36892;
2827;718;753;37916;
2832;718;753;38936;
2802;717;752;39964;
2817;716;753;40988;
2846;716;753;42012;
2846;715;752;43036;
2846;716;752;44056;
2841;715;753;45080;
2851;716;753;46104;
2861;718;752;47128;
2846;716;752;48156;
2846;716;752;49176;
2866;716;753;50204;
2871;716;753;51224;
2880;711;753;52252;
2885;716;753;53276;
2885;715;753;54296;
2890;716;753;55320;
2885;713;752;56344;
2885;716;751;57368;
2905;716;752;58392;
2900;716;754;59416;
2919;715;754;60440;
2919;713;753;61464;
2924;716;752;62488;
2929;716;753;63516;
2900;716;753;64540;
2929;715;754;28;
2919;715;752;1044;
2910;711;752;2068;
2929;711;753;3096;
2929;715;752;4124;
2944;711;753;5140;
2949;713;754;6164;
2949;713;753;7188;
2944;715;753;8212;
2929;713;750;9236;
2944;715;752;10260;
2958;713;752;11284;
2968;711;753;12308;
2954;711;752;13332;
2949;712;753;14356;
2963;712;752;15380;
2944;713;751;16408;
2949;713;752;17432;
2963;714;753;18456;
2968;711;753;19480;
2973;711;752;20508;
2978;713;753;21528;
2973;713;753;22552;
2983;713;755;23580;
2973;713;754;24604;
2988;713;754;25624;
2993;711;753;26648;
2998;711;753;27676;
2998;711;752;28700;
3002;713;752;29720;
2998;712;752;30748;
2998;713;752;31772;
2983;713;751;32792;
2988;713;755;33816;
3002;711;754;34844;
2998;711;753;35868;
3002;713;753;36892;
3002;712;750;37916;
3002;713;752;38940;
2988;711;753;39964;
2988;711;753;40984;
2998;711;752;42004;
3022;713;755;43032;
3012;711;753;44052;
3017;710;753;45080;
3002;712;752;46108;
3012;711;752;47132;
3002;711;752;48152;
2988;711;752;49176;
3007;710;753;50204;
3022;711;753;51228;
3017;711;754;52252;
3017;711;752;53276;
3012;712;752;54300;
3027;711;753;55320;
3002;713;752;56348;
2998;711;753;57372;
3012;711;752;58392;
3012;711;754;59420;
3012;712;753;60444;
3027;713;751;61468;
3027;711;751;62492;
3027;712;752;63516;
3002;713;753;64540;
3012;713;752;28;
3027;713;753;1052;
3012;713;754;2076;
3022;713;753;3092;
3027;711;752;4120;
3007;711;750;5140;
3017;713;753;6164;
3017;711;752;7188;
3002;711;755;8216;
3007;712;753;9240;
3007;711;752;10264;
3012;711;752;11292;
3012;711;753;12316;
2998;711;752;13340;
3007;712;752;14360;
3002;713;755;15384;
3002;713;753;16408;
3002;710;752;17436;
3002;711;752;18456;
3002;711;753;19484;
3002;712;752;20504;
3002;712;752;21532;
2993;711;753;22552;
2993;711;752;23580;
2998;711;752;24600;
2998;711;753;25628;
2988;711;753;26652;
2993;711;753;27672;
2983;712;753;28696;
3002;713;749;29724;
3002;713;751;30744;
2973;712;752;31772;
2973;712;752;32792;
2978;711;754;33820;
2988;711;755;34844;
2983;711;753;35864;
2968;711;752;36892;
2983;714;753;37916;
2968;712;753;38940;
2954;711;755;39964;
2968;711;753;40988;
2973;711;753;42012;
2963;711;752;43036;
2963;711;753;44060;
2963;711;753;45080;
2954;709;752;46100;
2954;711;753;47124;
2949;711;753;48148;
2924;711;751;49176;
2929;711;752;50200;
2934;712;752;51224;
2934;711;753;52248;
2944;713;753;53272;
2929;711;752;54296;
2929;711;752;55320;
2929;715;753;56336;
2929;711;753;57360;
2934;713;753;58380;
2910;713;752;59404;
2910;711;752;60432;
2915;711;752;61448;
2919;711;753;62476;
2910;711;755;63500;
2919;711;753;64528;
2910;712;753;16;
2900;712;752;1040;
2895;712;753;2064;
2885;712;753;3092;
2895;710;754;4116;
2875;711;752;5136;
2885;713;753;6164;
2880;711;752;7188;
2875;713;751;8212;
2871;713;752;9236;
2880;712;754;10264;
2861;710;752;11288;
2846;710;753;12312;
2851;712;753;13336;
2832;711;751;14360;
2836;712;751;15384;
2832;711;751;16412;
2841;711;753;17432;
2832;710;753;18456;
2817;711;753;19484;
2827;711;751;20504;
2807;713;752;21528;
2807;711;752;22556;
2807;712;752;23580;
2802;712;754;24600;
2807;711;754;25628;
2802;711;752;26652;
2792;710;752;27672;
2788;711;753;28696;
2792;711;752;29720;
2797;712;753;30744;
2773;712;752;31768;
2773;711;752;32792;
2773;712;753;33812;
2773;712;752;34836;
2773;711;753;35860;
2768;711;755;36884;
2749;708;752;37908;
2763;712;753;38928;
2744;711;753;39948;
2749;711;753;40972;
2739;713;752;41992;
2734;713;752;43020;
2719;711;752;44044;
2714;711;752;45068;
2714;711;752;46092;
2705;711;752;47104;
2724;711;753;48124;
2685;712;752;49144;
2685;711;752;50164;
2675;710;752;51180;
2680;711;750;52200;
2670;711;752;53220;
2661;711;751;54240;
2651;711;752;55260;
2656;713;751;56280;
2656;713;751;57296;
2661;712;752;58312;
2651;711;753;59332;
2651;712;753;60352;
2651;712;752;61372;
2641;712;753;62392;
2646;711;754;63412;
2636;715;753;64432;
2631;711;755;65452;
2626;713;753;936;
2631;712;753;1952;
2617;711;753;2964;
2592;711;753;3976;
2597;713;751;4988;
2583;711;750;6008;
2592;711;752;7028;
2583;713;752;8048;
2573;712;752;9068;
2568;713;753;10088;
2568;711;752;11108;
2553;712;751;12128;
2543;712;750;13148;
2543;711;752;14168;
2543;713;752;15188;
2543;713;753;16212;
2534;712;752;17232;
2529;713;751;18252;
2529;713;749;19272;
2504;712;752;20292;
2509;711;751;21312;
2514;713;751;22332;
2504;713;750;23352;
2500;712;752;24372;
2500;713;752;25392;
2495;713;752;26412;
2480;713;752;27432;
2480;713;748;28452;
2460;713;751;29472;
2460;711;748;30492;
2465;713;753;31512;
2456;713;752;32532;
2460;715;753;33552;
2441;715;752;34572;
2441;715;752;35592;
2441;715;753;36612;
2431;715;751;37636;
2421;715;751;38656;
2416;715;752;39680;
2412;710;753;40700;
2412;715;753;41720;
2412;716;752;42740;
2412;716;752;43760;
2397;713;753;44780;
2382;715;752;45800;
2377;716;753;46820;
2377;716;753;47840;
2377;716;755;48860;
2368;716;752;49880;
2358;716;752;50900;
2363;718;753;51920;
2348;716;753;52940;
2343;717;752;53960;
2343;717;752;54980;
2348;718;754;56000;
2338;717;753;57024;
2343;717;755;58044;
2338;718;753;59064;
2338;718;753;60084;
2319;715;754;61100;
2309;716;753;62124;
2324;719;754;63144;
2309;719;753;64164;
2309;719;752;65184;
2304;719;754;668;
2294;719;753;1680;
2299;721;752;2692;
2304;721;753;3704;
2280;721;755;4716;
2280;719;753;5736;
2280;719;755;6756;
2260;720;752;7776;
2250;723;751;8796;
2260;723;754;9812;
2260;723;752;10832;
2241;722;755;11852;
2231;723;753;12872;
2231;723;752;13892;
2231;723;753;14912;
2221;724;753;15932;
2221;724;753;16952;
2216;723;752;17964;
2216;724;751;18984;
2197;726;753;20004;
2216;724;752;21024;
2192;724;752;22044;
2197;726;752;23068;
2182;724;752;24084;
2187;728;751;25104;
2187;726;753;26124;
2187;728;752;27144;
2187;726;752;28164;
2172;726;752;29184;
2167;728;751;30208;
2167;727;753;31224;
2167;727;753;32244;
2177;728;751;33260;
2167;728;753;34280;
2148;728;751;35300;
2167;729;753;36320;
2163;726;753;37332;
2153;727;753;38344;
2143;727;753;39364;
2148;728;753;40384;
2133;728;753;41400;
2124;727;754;42416;
2124;724;754;43436;
2114;727;752;44456;
2124;727;755;45476;
2109;728;754;46496;
2104;728;753;47516;
2099;726;753;48536;
2109;728;752;49556;
2109;728;754;50568;
2119;729;752;51588;
2109;728;753;52604;
2109;728;752;53620;
2109;728;753;54640;
2099;729;753;55660;
2099;728;755;56676;
2089;728;753;57696;
2089;728;754;58716;
2089;728;753;59736;
2084;728;753;60756;
2089;728;753;61776;
2065;728;754;62788;
2065;729;752;63808;
2065;729;752;64820;
2075;730;752;296;
2065;728;753;1308;
2065;730;753;2320;
2055;728;753;3340;
2065;728;753;4360;
2050;729;752;5376;
2050;731;752;6388;
2055;729;753;7400;
2065;729;753;8416;
2055;728;752;9432;
2045;728;753;10452;
2045;728;753;11468;
2036;729;755;12488;
2036;728;753;13508;
2036;730;751;14528;
2031;729;752;15540;
2031;728;752;16560;
2011;729;752;17580;
2021;730;751;18600;
2045;729;751;19616;
2045;732;750;20636;
2026;731;750;21656;
2026;732;750;22676;
2036;730;751;23692;
2031;732;751;24712;
2026;729;753;25732;
2026;730;753;26744;
2026;729;752;27760;
2031;731;752;28780;
2016;731;753;29800;
2016;731;753;30812;
1997;731;751;31832;
2011;731;754;32852;
2016;729;753;33872;
1997;732;751;34892;
1992;731;751;35904;
2011;731;752;36920;
2026;732;753;37940;
2026;732;752;38952;
2026;729;753;39968;
2021;729;753;40988;
2026;732;753;42008;
2026;732;753;43036;
2026;728;753;44056;
2026;730;752;45076;
2026;732;754;46100;
2026;732;752;47120;
2021;731;754;48140;
2011;734;753;49164;
2011;732;752;50184;
2011;732;752;51204;
2026;732;754;52216;
2016;732;750;53236;
2011;733;752;54256;
2011;732;749;55276;
2026;732;752;56296;
2021;730;753;57312;
2026;732;753;58332;
2016;731;752;59352;
2016;730;753;60372;
2026;731;753;61388;
2041;732;755;62408;
2026;731;752;63428;
2026;733;754;64448;
2026;729;754;65468;
2026;731;752;952;
2011;732;752;1964;
2026;732;752;2980;
2026;731;752;3992;
2041;732;752;5012;
2045;731;752;6024;
2036;732;753;7044;
2036;732;753;8064;
2045;731;755;9084;
2036;732;753;10104;
2031;731;754;11124;
2036;732;753;12148;
2045;732;753;13168;
2050;729;753;14188;
2045;731;754;15208;
2045;731;752;16228;
2045;732;752;17248;
2045;730;753;18268;
2065;731;755;19288;
2045;731;753;20304;
2050;731;753;21324;
2065;731;753;22344;
2055;732;753;23364;
2065;728;752;24384;
2065;728;754;25408;
2060;730;752;26428;
2075;731;755;27448;
2075;733;753;28468;
2084;733;752;29488;
2089;731;753;30508;
2089;732;753;31528;
2089;734;754;32548;
2075;729;752;33568;
2089;732;753;34588;
2099;732;753;35608;
2094;729;752;36628;
2099;731;752;37644;
2104;731;753;38664;
2104;732;753;39684;
2109;731;753;40704;
2114;732;753;41724;
2109;730;754;42740;
2124;732;754;43760;
2114;731;753;44780;
2114;731;753;45800;
2119;732;753;46812;
2109;732;752;47832;
2119;732;752;48852;
2114;732;750;49872;
2114;732;753;50892;
2133;731;753;51916;
2124;732;752;52936;
2138;731;753;53956;
2148;733;753;54976;
2148;732;754;55996;
2143;734;752;57016;
2158;732;753;58036;
2153;731;753;59056;
2153;733;753;60076;
2153;730;753;61096;
2163;731;753;62116;
2177;732;752;63136;
2177;732;752;64156;
2163;733;755;65172;
2158;732;750;656;
2187;732;753;1668;
2202;731;753;2680;
2202;730;753;3692;
2177;732;751;4704;
2197;732;752;5716;
2216;734;754;6736;
2221;732;752;7752;
2221;731;753;8772;
2231;732;753;9792;
2221;732;753;10812;
2226;732;753;11832;
2231;732;753;12852;
2236;732;753;13872;
2246;732;752;14892;
2260;732;752;15916;
2255;734;754;16936;
2246;732;751;17956;
2260;733;753;18976;
2260;732;752;19992;
2265;731;753;21012;
2275;732;753;22032;
2280;732;753;23052;
2285;731;753;24072;
2275;732;753;25092;
2294;732;751;26112;
2299;732;752;27132;
2299;732;751;28152;
2299;731;752;29172;
2304;734;751;30192;
2324;732;753;31212;
2324;731;753;32232;
2324;732;751;33252;
2324;731;753;34272;
2333;732;753;35292;
2338;732;753;36312;
2353;733;752;37332;
2358;734;754;38352;
2348;732;753;39368;
2358;731;753;40388;
2358;729;752;41404;
2373;731;753;42424;
2377;732;753;43444;
2377;731;753;44456;
2387;730;752;45480;
2387;732;754;46500;
2387;729;754;47516;
2387;732;753;48532;
2377;732;751;49552;
2412;731;753;50568;
2402;732;752;51588;
2421;731;752;52604;
2431;732;753;53624;
2431;732;751;54640;
2441;732;752;55660;
2436;730;753;56680;
2451;731;753;57696;
2451;728;754;58716;
2460;729;753;59732;
2460;729;752;60752;
2460;729;754;61772;
2470;728;753;62792;
2475;728;753;63812;
2475;728;753;64832;
2490;728;753;312;
2480;729;753;1328;
2495;729;752;2340;
2490;729;752;3360;
2485;729;752;4380;
2514;729;753;5392;
2514;729;752;6408;
2529;729;753;7424;
2529;729;753;8444;
2534;726;754;9460;
2534;728;753;10480;
2543;727;753;11496;
2534;728;753;12516;
2534;728;753;13536;
2543;728;753;14552;
2543;727;752;15572;
2558;727;752;16592;
2548;727;751;17612;
2558;728;753;18632;
2573;727;753;19652;
2592;726;753;20668;
2592;726;752;21688;
2607;725;752;22700;
2607;724;752;23720;
2602;723;753;24732;
2617;723;752;25752;
2617;723;753;26768;
2622;722;753;27788;
2622;724;753;28808;
2622;724;753;29820;
2636;724;753;30836;
2646;724;752;31856;
2646;724;751;32872;
2651;723;752;33892;
2661;723;755;34912;
2670;723;752;35928;
2675;722;755;36948;
2670;721;753;37960;
2685;721;755;38980;
2685;719;753;39996;
2690;723;753;41020;
2690;721;753;42040;
2700;719;752;43060;
2705;719;753;44080;
2700;720;752;45100;
2709;719;753;46120;
2734;719;753;47132;
2714;719;753;48156;
2734;721;753;49176;
2729;719;752;50200;
2739;718;755;51224;
2739;719;753;52248;
2749;722;753;53272;
2739;720;752;54296;
2763;719;752;55320;
2763;721;754;56348;
2773;719;753;57372;
2773;719;752;58392;
2773;719;753;59420;
2773;718;755;60440;
2783;719;753;61464;
2778;719;753;62488;
2773;719;752;63512;
2792;719;753;64540;
2797;716;754;28;
2807;717;753;1052;
2807;719;752;2076;
2812;719;751;3100;
2822;719;752;4124;
2817;718;753;5136;
2807;719;752;6164;
2807;719;751;7188;
2832;719;753;8208;
2827;718;754;9232;
2846;716;753;10260;
2846;716;753;11284;
2846;716;753;12300;
2851;715;755;13320;
2856;716;753;14344;
2856;715;755;15364;
2856;715;754;16384;
2871;716;753;17404;
2871;716;753;18424;
2880;716;752;19436;
2871;716;753;20456;
2885;716;753;21476;
2885;715;755;22492;
2880;716;752;23512;
2885;716;753;24532;
2890;716;752;25552;
2890;716;752;26572;
2885;716;753;27588;
2895;716;752;28608;
2905;715;753;29628;
2895;715;751;30648;
2895;716;752;31668;
2890;715;751;32688;
2905;716;751;33708;
2905;715;751;34728;
2910;713;753;35748;
2929;715;752;36768;
2924;715;752;37788;
2929;714;752;38808;
2929;713;751;39828;
2929;715;752;40848;
2929;715;752;41868;
2934;714;752;42884;
2939;714;752;43904;
2929;713;752;44924;
2949;713;752;45944;
2949;713;752;46964;
2963;713;751;47980;
2958;713;752;49000;
2968;713;753;50020;
2968;713;753;51040;
2968;713;752;52056;
2968;713;753;53076;
2978;711;753;54096;
2983;711;753;55116;
2978;711;753;56136;
2973;711;753;57156;
2988;713;753;58176;
2983;711;753;59196;
2988;713;753;60216;
2993;711;753;61236;
2998;711;753;62256;
2998;713;753;63276;
2993;711;753;64296;
2998;713;753;65320;
3002;714;752;804;
2998;712;753;1816;
3002;711;753;2832;
3002;713;753;3844;
2998;712;753;4856;
3002;713;752;5876;
3002;712;751;6896;
3012;712;752;7916;
3007;712;751;8936;
2998;713;752;9956;
2998;711;752;10976;
3002;713;752;11996;
3002;713;752;13016;
3002;712;754;14040;
2998;712;753;15060;
3002;713;751;16080;
3002;713;751;17100;
3012;713;752;18116;
3002;712;751;19136;
3012;713;752;20160;
2998;712;751;21180;
2998;711;752;22200;
3002;712;751;23220;
3002;713;752;24240;
3002;713;751;25260;
3022;713;752;26280;
3002;713;751;27300;
3007;713;752;28320;
2998;713;751;29340;
3007;712;752;30360;
3022;713;753;31380;
3002;713;752;32400;
3002;712;750;33420;
3012;713;753;34440;
3022;713;753;35460;
3002;713;752;36480;
3007;711;752;37504;
3022;713;752;38524;
3022;713;753;39544;
3002;713;752;40564;
3027;713;753;41588;
3022;712;753;42608;
3022;712;753;43628;
3022;711;754;44648;
3022;712;753;45668;
3017;711;754;46688;
3012;711;753;47708;
3022;712;753;48728;
3017;711;753;49748;
3012;711;753;50768;
3007;711;753;51788;
3012;711;752;52808;
3007;711;753;53828;
3012;712;753;54848;
3002;711;754;55868;
3002;711;755;56888;
3002;710;753;57908;
3002;712;752;58928;
3002;712;753;59948;
2998;712;753;60968;
3002;712;753;61988;
2998;712;753;63008;
3002;711;753;64032;
2998;711;753;65052;
2998;711;753;536;
2973;713;752;1548;
2988;713;753;2560;
2993;711;753;3572;
2988;710;754;4588;
2983;711;753;5604;
2993;711;754;6624;
2983;711;755;7644;
2983;711;752;8668;
2973;715;753;9688;
2983;711;754;10708;
2973;710;753;11728;
2973;711;753;12744;
2958;711;752;13764;
2958;711;754;14784;
2954;710;752;15796;
2944;712;751;16816;
2944;712;753;17832;
2939;712;754;18852;
2934;713;750;19872;
2934;711;752;20888;
2944;713;752;21908;
2949;712;752;22920;
2949;711;753;23940;
2939;713;753;24956;
2934;711;754;25976;
2934;711;753;26992;
2929;712;753;28012;
2929;709;753;29028;
2910;711;753;30048;
2929;711;754;31068;
2910;711;753;32088;
2900;711;753;33104;
2905;712;752;34124;
2895;713;752;35140;
2885;711;752;36160;
2885;712;752;37176;
2885;711;752;38196;
2885;711;753;39216;
2880;711;751;40236;
2871;711;752;41256;
2866;711;752;42276;
2866;711;752;43296;
2880;713;752;44308;
2856;711;752;45332;
2866;713;753;46352;
2871;711;753;47364;
2861;708;753;48384;
2851;711;752;49400;
2846;710;753;50420;
2856;711;754;51436;
2846;712;753;52456;
2836;711;752;53472;
2836;711;752;54492;
2827;713;752;55504;
2827;713;752;56524;
2827;712;754;57536;
2822;711;753;58556;
2827;711;753;59576;
2807;711;752;60596;
2807;711;752;61616;
2792;711;752;62628;
2802;711;753;63648;
2792;711;755;64664;
2783;711;753;148;
2778;713;753;1168;
2788;712;753;2188;
2788;712;753;3208;
2773;713;753;4228;
2753;712;752;5240;
2773;712;751;6252;
2768;711;753;7272;
2768;713;751;8284;
2734;710;752;9304;
2739;711;753;10320;
2749;712;753;11340;
2739;711;753;12360;
2734;711;752;13380;
2729;710;753;14396;
2734;711;754;15416;
2700;711;752;16436;
2690;711;753;17448;
2709;713;752;18468;
2700;713;752;19484;
2690;712;752;20508;
2685;712;753;21532;
2675;711;753;22556;
2690;711;753;23580;
2690;711;753;24600;
2685;711;753;25620;
2670;711;753;26648;
2666;713;754;27672;
2651;711;752;28696;
2651;711;752;29716;
2646;713;753;30732;
2646;712;753;31756;
2636;713;753;32776;
2631;713;752;33796;
2617;713;752;34824;
2617;712;753;35848;
2631;711;753;36868;
2617;711;754;37888;
2617;712;753;38908;
2592;712;752;39928;
2597;708;753;40944;
2587;711;754;41964;
2573;711;752;42984;
2578;711;752;44004;
2573;712;754;45024;
2568;712;755;46044;
2558;712;752;47064;
2563;711;754;48084;
2543;711;752;49104;
2539;712;752;50124;
2553;713;753;51144;
2539;713;753;52164;
2539;713;752;53188;
2534;707;753;54208;
2529;711;753;55228;
2509;713;753;56248;
2519;713;752;57268;
2509;713;752;58288;
2509;711;753;59308;
2495;713;752;60328;
2495;713;753;61348;
2504;711;753;62368;
2480;712;753;63388;
2480;714;753;64408;
2475;713;752;65428;
2465;711;752;912;
2441;711;753;1924;
2456;715;752;2936;
2456;713;752;3952;
2460;711;753;4964;
2460;711;754;5984;
2451;713;754;7004;
2436;713;752;8024;
2426;713;753;9044;
2421;713;753;10064;
2421;715;755;11084;
2416;715;755;12104;
2421;715;754;13124;
2412;715;754;14144;
2412;716;754;15164;
2402;716;753;16184;
2402;716;753;17204;
2382;716;752;18224;
2392;716;755;19244;
2377;716;753;20264;
2377;716;755;21284;
2373;717;754;22304;
2358;716;755;23324;
2358;718;753;24344;
2348;718;753;25364;
2358;718;754;26384;
2343;719;753;27404;
2343;719;753;28428;
2333;719;753;29444;
2329;719;753;30464;
2333;719;754;31484;
2324;719;752;32508;
2319;719;755;33528;
2319;719;753;34548;
2319;719;755;35568;
2304;719;752;36588;
2304;719;755;37608;
2285;721;754;38628;
2299;721;753;39648;
2285;719;753;40668;
2270;720;752;41688;
2265;720;753;42708;
2275;723;753;43728;
2265;721;755;44748;
2260;719;753;45768;
2250;719;753;46788;
2260;725;752;47812;
2246;723;753;48832;
2231;720;753;49852;
2231;723;752;50872;
2231;723;753;51892;
2231;725;752;52912;
2231;724;753;53932;
2221;725;752;54952;
2221;723;755;55972;
2216;727;752;56992;
2216;724;753;58012;
2216;728;752;59032;
2202;726;753;60052;
2197;727;753;61072;
2192;726;754;62092;
2202;728;752;63116;
2187;726;755;64136;
2177;728;753;65152;
2182;726;753;636;
2177;725;753;1652;
2153;727;752;2664;
2167;726;755;3688;
2167;726;754;4708;
2163;727;752;5720;
2143;728;752;6740;
2143;727;753;7760;
2148;728;752;8780;
2138;726;753;9800;
2128;728;752;10820;
2128;728;752;11840;
2124;728;755;12860;
2128;728;753;13880;
2119;728;753;14900;
2114;728;752;15920;
2124;729;753;16940;
2114;728;752;17952;
2109;728;752;18972;
2099;728;752;19992;
2109;728;752;21012;
2104;728;752;22032;
2104;728;753;23052;
2099;728;751;24072;
2099;729;752;25092;
2109;729;752;26108;
2094;729;752;27132;
2089;729;753;28152;
2099;729;752;29168;
2099;729;755;30188;
2089;729;753;31204;
2080;728;753;32224;
2070;728;752;33244;
2065;728;753;34264;
2075;728;752;35284;
2065;728;752;36296;
2065;728;754;37316;
2050;728;753;38328;
2065;730;752;39348;
2065;729;753;40360;
2065;728;751;41376;
2065;728;755;42396;
2055;728;754;43408;
2045;731;751;44428;
2045;732;753;45448;
2045;728;752;46468;
2036;728;753;47488;
2045;728;753;48504;
2045;728;753;49524;
2031;728;752;50536;
2026;728;752;51560;
2026;729;752;52580;
2026;731;753;53592;
2031;731;753;54608;
2026;731;752;55628;
2036;731;752;56644;
2026;731;751;57664;
2011;731;752;58684;
2021;732;752;59704;
2026;732;753;60720;
2026;731;752;61740;
2036;732;752;62764;
2026;731;752;63784;
2026;731;753;64804;
2026;729;754;280;
2026;729;753;1292;
2016;729;753;2304;
2036;734;753;3316;
2016;732;752;4336;
2026;729;754;5348;
2011;731;754;6360;
2026;729;753;7380;
2021;732;752;8400;
2011;732;751;9412;
1992;732;753;10432;
2011;731;752;11452;
1992;731;750;12472;
2026;732;751;13484;
2021;732;752;14504;
2026;732;751;15524;
2011;730;753;16544;
2016;729;753;17556;
2021;731;752;18576;
2021;728;754;19596;
2026;732;754;20612;
2021;731;753;21632;
2026;731;754;22652;
2011;731;753;23668;
2036;729;753;24688;
2011;729;753;25708;
2011;732;753;26728;
2011;732;752;27740;
2011;732;753;28756;
2011;732;752;29776;
2021;732;752;30796;
2021;732;753;31816;
2026;732;753;32836;
2026;732;753;33856;
2036;732;750;34872;
2026;732;751;35892;
2021;729;753;36912;
2026;731;753;37928;
2026;731;753;38944;
2026;731;753;39964;
2026;728;753;40984;
2041;729;752;42004;
2026;732;753;43028;
2036;733;753;44048;
2026;729;753;45068;
2036;732;753;46092;
2036;732;753;47112;
2045;732;753;48124;
2050;732;753;49144;
2045;731;753;50164;
2045;732;753;51184;
2060;732;753;52204;
2045;731;752;53224;
2060;733;753;54240;
2060;732;753;55256;
2045;731;752;56272;
2060;732;752;57292;
2036;731;753;58312;
2045;732;752;59332;
2065;732;752;60352;
2045;732;753;61372;
2065;732;753;62392;
2060;731;754;63412;
2075;732;752;64432;
2065;731;753;65452;
2060;732;753;936;
2070;732;752;1948;
2084;731;753;2960;
2075;729;752;3972;
2080;732;753;4984;
2080;732;751;5996;
2089;732;752;7016;
2094;732;752;8040;
2089;732;752;9060;
2089;731;752;10080;
2109;734;751;11096;
2099;732;752;12116;
2099;733;752;13136;
2109;732;751;14156;
2109;732;752;15176;
2114;733;752;16196;
2124;732;751;17216;
2128;732;751;18236;
2124;732;752;19256;
2124;732;750;20276;
2124;732;752;21296;
2148;733;752;22312;
2148;732;753;23332;
2148;732;749;24352;
2148;732;753;25372;
2148;732;752;26388;
2153;732;752;27412;
2163;732;753;28432;
2158;731;754;29452;
2167;732;752;30472;
2167;732;753;31492;
2182;732;752;32512;
2187;732;753;33532;
2187;734;753;34552;
2192;732;752;35568;
2187;731;752;36588;
2192;732;752;37608;
2197;731;752;38628;
2192;731;753;39648;
2207;731;752;40668;
2216;730;753;41688;
2216;732;753;42708;
2221;732;752;43728;
2216;729;753;44748;
2226;731;753;45764;
2221;730;753;46784;
2231;731;753;47804;
2241;730;752;48824;
2241;730;754;49844;
2250;731;753;50864;
2255;731;753;51884;
2250;729;752;52904;
2260;732;755;53920;
2265;731;753;54940;
2280;732;753;55960;
2260;731;753;56980;
2275;731;754;58000;
2285;731;754;59020;
2285;732;754;60040;
2294;729;753;61060;
2299;731;753;62080;
2309;730;753;63100;
2309;732;754;64120;
2319;731;753;65140;
2314;732;755;624;
2299;732;753;1636;
2324;732;752;2648;
2333;732;753;3660;
2343;731;753;4672;
2333;728;752;5692;
2343;731;754;6716;
2348;730;752;7736;
2348;729;753;8756;
2348;731;754;9776;
2363;731;753;10796;
2373;729;753;11816;
2377;731;754;12836;
2377;728;753;13856;
2377;729;753;14876;
2387;729;752;15896;
2397;729;753;16916;
2392;729;754;17936;
2402;728;753;18956;
2402;728;752;19976;
2407;732;753;20996;
2421;729;753;22016;
2426;732;752;23036;
2421;729;752;24056;
2431;728;755;25080;
2436;731;753;26100;
2451;730;753;27124;
2451;732;753;28144;
2460;731;752;29164;
2451;731;752;30184;
2460;730;753;31204;
2475;732;752;32224;
2480;730;753;33244;
2475;731;753;34264;
2490;732;753;35284;
2485;731;753;36300;
2500;728;754;37320;
2500;731;753;38336;
2514;728;752;39356;
2509;728;753;40372;
2514;729;755;41392;
2504;729;753;42404;
2509;729;751;43424;
2529;729;752;44436;
2529;728;752;45456;
2534;728;752;46476;
2534;728;751;47496;
2519;728;752;48516;
2558;729;752;49536;
2553;727;753;50548;
2563;728;753;51568;
2573;728;753;52584;
2573;724;753;53608;
2578;725;753;54624;
2573;724;753;55644;
2592;726;753;56664;
2592;726;754;57680;
2592;724;753;58700;
2607;723;753;59720;
2617;723;753;60740;
2622;724;753;61764;
2607;722;752;62784;
2631;722;753;63796;
2631;726;752;64816;
2631;725;753;296;
2631;724;752;1308;
2651;724;753;2320;
2651;723;753;3332;
2651;723;753;4352;
2651;724;753;5364;
2646;723;753;6380;
2656;723;752;7400;
2670;722;752;8416;
2670;723;753;9436;
2690;722;752;10452;
2690;722;753;11472;
2700;723;752;12488;
2700;721;753;13508;
2714;723;753;14524;
2714;720;753;15544;
2700;719;752;16556;
2700;721;753;17576;
2724;721;755;18588;
2700;721;754;19608;
2714;720;750;20628;
2724;720;753;21644;
2739;719;752;22664;
2749;721;753;23680;
2744;719;750;24700;
2739;719;752;25720;
2768;719;752;26736;
2768;719;752;27756;
2773;717;753;28768;
2763;718;753;29788;
2763;718;752;30804;
2778;716;753;31824;
2773;718;754;32844;
2768;719;754;33860;
2807;719;753;34880;
2797;718;752;35896;
2797;719;753;36916;
2807;718;751;37932;
2807;719;753;38952;
2817;717;752;39968;
2807;717;753;40988;
2817;716;752;42008;
2807;719;753;43036;
2841;718;755;44060;
2832;716;753;45084;
2841;713;753;46104;
2836;716;753;47132;
2846;718;754;48156;
2851;716;753;49180;
2861;717;752;50200;
2851;717;752;51228;
2846;716;751;52248;
2851;715;752;53272;
2875;716;753;54300;
2871;715;753;55320;
2885;716;754;56348;
2875;716;753;57372;
2885;716;752;58396;
2885;716;751;59420;
2885;716;753;60444;
2890;716;752;61464;
2895;715;754;62492;
2895;711;753;63516;
2910;714;753;64540;
2905;715;753;28;
2919;715;752;1052;
2905;716;753;2076;
2895;714;753;3092;
2895;715;751;4112;
2929;715;753;5128;
2934;715;753;6144;
2929;714;752;7164;
2939;713;752;8188;
2944;713;753;9204;
2944;715;752;10228;
2949;714;751;11248;
2949;715;751;12268;
2954;713;753;13288;
2958;715;753;14308;
2949;713;752;15328;
2958;713;752;16348;
2968;713;753;17368;
2968;713;752;18388;
2958;713;753;19408;
2963;712;753;20428;
2968;711;752;21448;
2968;713;754;22468;
2973;711;753;23488;
2968;713;752;24508;
2973;713;754;25528;
2983;711;754;26548;
2978;712;752;27568;
2983;713;753;28588;
2998;713;753;29608;
2993;715;753;30628;
2983;711;753;31648;
2983;712;753;32668;
2988;711;752;33688;
2998;711;753;34708;
2998;712;753;35728;
3002;713;751;36748;
3002;711;753;37768;
3002;712;753;38788;
2998;711;753;39808;
3002;713;752;40832;
3007;711;753;41852;
2998;712;752;42872;
2998;712;752;43892;
3002;711;752;44912;
2998;713;751;45932;
3012;713;752;46952;
3002;712;753;47972;
2998;712;752;48992;
3012;712;753;50012;
2998;712;752;51032;
3002;712;752;52052;
3002;711;752;53076;
3002;713;753;54096;
3002;711;751;55116;
2998;711;751;56136;
3012;712;752;57156;
3007;711;752;58176;
3022;711;752;59196;
3012;713;753;60216;
3002;712;751;61240;
3007;711;753;62260;
3012;712;753;63280;
3002;712;752;64300;
3012;713;752;65320;
2998;713;751;804;
3022;712;751;1816;
3022;711;752;2828;
3032;710;753;3840;
3012;713;754;4852;
3002;713;751;5872;
3017;711;752;6892;
3022;712;752;7912;
3002;713;752;8932;
3002;713;752;9952;
3002;712;753;10972;
3007;711;752;11992;
3012;712;752;13012;
3007;711;752;14032;
3022;713;753;15052;
3012;711;753;16072;
2993;713;751;17092;
2988;711;753;18112;
3002;713;752;19132;
3007;712;752;20152;
3002;712;753;21172;
2988;711;751;22192;
2998;711;752;23212;
3002;713;752;24232;
3002;713;752;25252;
2988;711;753;26272;
2998;712;752;27292;
3002;711;753;28312;
2983;713;752;29332;
3002;713;752;30356;
3002;712;753;31376;
2993;713;752;32396;
2988;711;752;33416;
2988;713;754;34436;
2983;711;752;35456;
2998;713;754;36476;
3002;712;754;37496;
2983;711;753;38516;
2988;712;753;39536;
2988;713;753;40556;
2973;711;753;41576;
2973;711;752;42596;
2988;712;753;43616;
2983;712;752;44636;
2963;711;752;45656;
2968;712;752;46676;
2973;713;753;47696;
2968;713;754;48716;
2958;711;753;49736;
2973;712;754;50756;
2954;712;753;51776;
2968;713;753;52796;
2949;711;752;53816;
2949;711;753;54836;
2944;711;755;55856;
2949;712;753;56876;
2949;713;754;57896;
2949;711;754;58916;
2929;711;752;59936;
2949;713;755;60956;
2929;713;752;61976;
2919;711;753;62996;
2924;711;752;64016;
2929;712;753;65036;
2919;711;752;520;
2905;711;752;1532;
2919;713;753;2544;
2910;711;754;3560;
2905;711;754;4580;
2910;713;753;5600;
2905;711;752;6620;
2900;711;753;7640;
2885;711;753;8660;
2895;711;753;9680;
2890;711;752;10696;
2880;711;753;11716;
2885;710;752;12732;
2885;711;753;13752;
2871;711;753;14768;
2866;713;752;15788;
2871;712;753;16804;
2846;711;751;17824;
2851;713;752;18840;
2846;712;753;19860;
2832;711;750;20880;
2836;712;752;21896;
2841;712;752;22916;
2832;712;753;23936;
2817;711;752;24960;
2827;713;751;25976;
2817;712;752;26996;
2827;713;751;28016;
2817;712;751;29032;
2817;712;752;30052;
2817;713;752;31068;
2807;711;752;32088;
2797;711;753;33108;
2792;711;752;34128;
2797;711;754;35148;
2802;712;753;36164;
2773;710;753;37188;
2788;713;753;38200;
2778;712;753;39220;
2778;711;753;40236;
2788;709;753;41256;
2773;710;755;42276;
2753;711;753;43296;
2749;713;752;44316;
2749;710;753;45332;
2734;711;752;46352;
2724;713;751;47372;
2744;713;751;48384;
2709;713;752;49404;
2724;711;753;50420;
2714;712;752;51440;
2714;712;751;52460;
2700;713;751;53480;
2709;711;752;54500;
2695;712;752;55512;
2700;711;754;56532;
2685;711;753;57548;
2690;711;752;58568;
2685;711;753;59588;
2675;708;753;60604;
2670;711;752;61624;
2656;712;753;62640;
2646;712;752;63660;
2651;713;752;64676;
2646;712;753;164;
2636;712;754;1176;
2651;711;753;2188;
2646;711;755;3208;
2636;710;752;4228;
2626;711;753;5240;
2617;708;753;6256;
2617;712;752;7276;
2592;710;753;8292;
2597;713;752;9312;
2607;713;752;10328;
2592;711;752;11348;
2587;713;750;12368;
2597;712;751;13384;
2573;711;753;14404;
2573;712;752;15424;
2573;712;752;16440;
2573;713;752;17456;
2558;711;752;18476;
2543;711;753;19496;
2539;711;752;20516;
2543;710;753;21536;
2534;711;753;22552;
2534;712;753;23580;
2534;711;752;24600;
2519;713;752;25624;
2514;713;753;26652;
2514;711;753;27676;
2514;713;755;28700;
2500;711;753;29724;
2495;712;754;30748;
2500;715;750;31772;
2480;714;751;32796;
2490;715;752;33816;
2475;714;752;34840;
2475;715;752;35868;
2460;713;753;36884;
2475;711;753;37912;
2460;711;754;38936;
2465;713;753;39960;
2441;713;752;40984;
2436;715;752;42008;
2431;716;753;43036;
2436;713;753;44060;
2421;712;753;45084;
2436;714;753;46104;
2426;711;753;47128;
2421;715;755;48152;
2421;716;752;49176;
2397;716;752;50200;
2402;716;752;51228;
2397;715;754;52248;
2397;713;753;53276;
2392;716;753;54300;
2377;716;753;55324;
2373;718;752;56344;
2377;718;752;57368;
2363;718;752;58396;
2348;718;751;59420;
2348;716;752;60444;
2358;717;753;61468;
2343;716;753;62492;
2343;718;751;63516;
2338;718;752;64536;
2324;719;751;28;
2319;719;752;1044;
2324;719;752;2072;
2319;721;753;3100;
2319;719;753;4124;
2304;720;752;5140;
2309;719;755;6164;
2304;719;754;7188;
2294;719;755;8216;
2280;721;753;9240;
2265;723;752;10264;
2260;722;751;11284;
2265;721;752;12308;
2270;722;752;13328;
2265;723;752;14348;
2260;723;752;15372;
2255;720;753;16396;
2260;722;753;17420;
2260;721;753;18440;
2241;723;753;19452;
2246;721;753;20472;
2231;721;754;21492;
2221;721;753;22512;
2216;723;754;23532;
2221;724;753;24552;
2207;723;755;25568;
2202;724;753;26588;
2202;724;755;27608;
2202;726;752;28624;
2197;724;752;29644;
2202;724;752;30664;
2182;725;752;31684;
2187;726;752;32704;
2177;726;752;33724;
2182;726;752;34744;
2163;726;752;35764;
2167;726;752;36784;
2153;725;752;37804;
2153;726;751;38824;
2153;726;752;39844;
2138;728;750;40864;
2143;726;752;41884;
2153;728;752;42904;
2148;728;753;43924;
2138;728;752;44944;
2138;728;753;45964;
2128;728;752;46984;
2138;728;752;48004;
2109;728;751;49028;
2119;728;752;50048;
2128;729;753;51068;
2124;728;752;52084;
2114;728;750;53104;
2109;728;751;54124;
2099;728;751;55144;
2099;728;754;56164;
2089;728;751;57184;
2104;729;752;58204;
2094;729;752;59220;
2089;728;752;60240;
2089;729;753;61260;
2104;729;753;62276;
2089;728;753;63296;
2099;728;753;64316;
2094;728;752;65336;
2089;728;752;820;
2084;729;752;1836;
2089;728;753;2848;
2080;728;752;3860;
2065;729;752;4872;
2065;729;752;5888;
2075;731;752;6904;
2080;728;753;7924;
2070;731;753;8944;
2065;728;754;9964;
2065;730;752;10988;
2050;728;752;12008;
2065;729;753;13028;
2060;731;752;14044;
2065;728;752;15064;
2050;730;752;16088;
2060;729;753;17108;
2045;730;752;18124;
2036;728;752;19144;
2045;729;753;20164;
2050;732;752;21184;
2036;728;753;22204;
2036;727;752;23224;
2045;729;752;24244;
2045;732;755;25264;
2026;729;753;26284;
2026;728;752;27304;
2031;729;753;28324;
2026;729;753;29344;
2036;731;752;30364;
2041;728;753;31384;
2026;729;754;32404;
2026;731;753;33428;
2021;729;753;34448;
2026;732;752;35468;
2026;731;753;36488;
2026;732;752;37508;
2021;731;753;38528;
2021;730;755;39548;
2026;732;752;40568;
2026;731;753;41588;
2026;732;752;42608;
2021;732;755;43628;
2026;732;752;44648;
2016;731;754;45668;
2021;732;752;46688;
2026;732;753;47708;
2026;732;752;48728;
2021;731;754;49748;
2021;733;753;50768;
2011;731;752;51788;
2011;731;752;52808;
2016;731;754;53828;
2011;729;752;54848;
2026;732;753;55868;
2021;732;752;56888;
2026;732;753;57908;
2026;732;754;58928;
2016;732;752;59944;
2026;731;753;60964;
2021;731;753;61984;
2026;732;753;63004;
2026;732;752;64024;
2021;731;753;65044;
2021;732;753;528;
2026;729;753;1540;
2006;731;752;2552;
2011;732;752;3564;
2026;731;753;4576;
2026;731;754;5592;
2016;728;752;6604;
2026;729;753;7624;
2026;732;753;8644;
2031;731;753;9660;
2021;731;753;10680;
2026;732;752;11700;
2026;732;752;12712;
2036;732;750;13728;
2041;731;752;14748;
2045;731;754;15760;
2045;731;753;16780;
2045;731;752;17800;
2045;731;752;18820;
2050;731;753;19836;
2050;730;753;20856;
2041;731;753;21872;
2045;728;753;22892;
2045;732;752;23912;
2036;732;753;24928;
2045;731;753;25948;
2036;732;752;26968;
2045;732;754;27980;
2045;732;752;29000;
2060;732;751;30020;
2065;731;751;31040;
2065;733;753;32060;
2065;732;753;33076;
2075;732;752;34092;
2065;732;752;35112;
2065;732;751;36136;
2089;732;753;37152;
2084;731;753;38168;
2089;732;753;39188;
2089;732;753;40208;
2075;732;753;41220;
2075;731;753;42240;
2084;730;753;43256;
2099;731;754;44276;
2084;729;753;45296;
2084;732;752;46312;
2099;731;752;47332;
2109;732;753;48352;
2099;732;754;49368;
2109;733;753;50388;
2119;732;751;51404;
2124;733;752;52424;
2128;732;753;53440;
2124;732;752;54456;
2133;731;753;55476;
2124;729;755;56488;
2138;732;753;57500;
2119;732;752;58516;
2148;732;751;59536;
2143;732;751;60556;
2148;731;751;61576;
2148;731;751;62596;
2153;732;752;63608;
2167;731;753;64624;
2167;731;753;108;
2177;731;753;1128;
2177;729;753;2144;
2182;732;753;3164;
2182;731;753;4184;
2167;732;750;5196;
2167;732;751;6212;
2202;732;753;7224;
2202;733;752;8244;
2202;732;753;9264;
2207;730;753;10284;
2216;731;753;11296;
2207;730;753;12316;
2216;730;752;13340;
2226;732;753;14364;
2221;731;754;15384;
2221;732;753;16404;
2241;732;753;17428;
2221;732;752;18448;
2231;732;753;19472;
2231;733;751;20492;
2246;732;753;21512;
2250;732;753;22532;
2241;732;752;23548;
2260;732;753;24568;
2270;733;751;25580;
2280;732;751;26600;
2280;729;753;27620;
2275;729;753;28636;
2280;731;754;29656;
2294;729;752;30672;
2304;731;753;31692;
2304;732;753;32712;
2309;729;755;33732;
2309;731;753;34756;
2319;729;753;35776;
2324;728;753;36796;
2319;732;753;37816;
2333;730;752;38836;
2338;729;753;39860;
2333;733;753;40880;
2343;731;752;41900;
2343;731;754;42920;
2353;729;755;43940;
2358;733;753;44960;
2363;731;753;45980;
2358;729;753;47000;
2373;732;753;48020;
2377;730;753;49040;
2387;729;753;50060;
2382;732;753;51080;
2397;729;753;52100;
2397;728;753;53120;
2402;732;753;54140;
2412;729;753;55160;
2412;732;753;56180;
2421;729;753;57200;
2421;728;753;58220;
2421;731;752;59240;
2416;729;752;60264;
2426;729;752;61284;
2436;731;753;62304;
2451;729;753;63324;
2456;731;752;64344;
2460;732;752;65364;
2456;729;753;848;
2460;727;753;1860;
2460;729;752;2872;
2475;729;752;3884;
2480;731;752;4896;
2490;732;753;5908;
2480;727;753;6932;
2495;728;753;7952;
2495;726;753;8972;
2500;730;752;9992;
2495;726;753;11012;
2514;726;753;12032;
2519;727;754;13052;
2529;728;752;14072;
2534;728;753;15092;
2534;726;753;16112;
2539;729;753;17132;
2534;726;752;18152;
2553;728;754;19172;
2558;726;755;20192;
2568;728;752;21212;
2568;728;753;22232;
2573;728;753;23256;
2583;728;753;24276;
2587;725;753;25296;
2587;727;754;26316;
2592;727;753;27340;
2597;727;753;28360;
2607;728;753;29380;
2607;726;753;30400;
2607;727;752;31420;
2622;726;753;32440;
2617;726;752;33460;
2612;724;750;34480;
2636;724;753;35500;
2646;725;751;36520;
2636;726;751;37540;
2641;723;752;38560;
2651;723;753;39580;
2661;724;753;40600;
2656;723;752;41620;
2661;722;752;42640;
2661;722;752;43660;
2685;723;752;44676;
2690;721;753;45696;
2670;720;752;46716;
2690;723;753;47740;
2700;722;753;48760;
2670;720;751;49784;
2690;721;751;50804;
2690;719;750;51824;
2700;721;750;52848;
2714;721;754;53868;
2714;721;752;54888;
2719;719;752;55908;
2729;719;753;56928;
2729;721;752;57948;
2739;720;752;58968;
2734;719;751;59988;
2749;720;751;61008;
2744;719;753;62028;
2739;719;751;63048;
2753;719;750;64068;
2768;719;752;65088;
2749;718;751;572;
2773;718;752;1584;
2773;717;753;2596;
2792;719;753;3608;
2783;718;752;4624;
2792;718;753;5636;
2797;719;752;6656;
2807;718;752;7676;
2807;718;753;8696;
2792;718;752;9716;
2807;718;752;10736;
2807;718;753;11756;
2807;718;755;12776;
2827;718;752;13796;
2827;716;752;14816;
2832;717;753;15836;
2817;716;750;16860;
2827;716;752;17880;
2827;716;753;18900;
2841;717;752;19916;
2841;716;752;20936;
2861;716;752;21948;
2866;716;751;22968;
2880;715;753;23988;
2880;716;752;25004;
2885;714;753;26024;
2885;715;753;27040;
2885;716;752;28056;
2895;712;755;29076;
2871;711;752;30092;
2880;716;751;31112;
2885;716;753;32128;
2875;713;750;33148;
2895;713;752;34160;
2910;715;752;35180;
2910;715;751;36196;
2919;716;752;37216;
2910;713;753;38236;
2919;714;752;39252;
2929;712;754;40272;
2924;712;753;41288;
2929;712;752;42308;
2934;714;753;43324;
2944;714;754;44344;
2929;712;752;45360;
2915;713;752;46380;
2910;715;753;47396;
2934;715;752;48416;
2924;715;753;49436;
2934;715;751;50456;
2949;715;752;51472;
2949;715;752;52492;
2968;715;754;53504;
2958;715;752;54524;
2968;715;753;55544;
2968;715;752;56564;
2973;713;752;57584;
2968;712;753;58604;
2968;713;753;59620;
2983;714;753;60640;
2983;714;753;61660;
2978;711;752;62672;
2983;713;752;63692;
2978;711;753;64708;
2998;713;755;192;
2973;711;753;1212;
2993;714;753;2236;
2998;713;753;3256;
2998;711;752;4268;
2983;711;752;5284;
2973;712;751;6308;
2993;712;753;7320;
2998;713;753;8340;
3002;712;751;9356;
2998;711;754;10376;
3007;712;754;11392;
2988;712;752;12412;
3002;713;752;13428;
3002;711;753;14448;
3002;711;753;15464;
2998;708;753;16484;
3002;711;752;17504;
3012;711;753;18520;
3022;712;754;19540;
2983;711;752;20556;
2993;711;753;21576;
3012;713;753;22592;
3002;712;753;23612;
3002;712;752;24632;
3027;712;752;25652;
3012;713;751;26668;
3027;712;753;27688;
3012;712;752;28704;
3012;711;753;29724;
3022;713;752;30748;
3002;713;755;31772;
3002;712;753;32796;
3027;711;753;33820;
3022;713;754;34844;
3027;711;753;35868;
3027;711;753;36892;
3012;710;752;37912;
3012;713;752;38940;
3027;711;752;39960;
3012;713;751;40988;
3027;713;754;42012;
3027;711;752;43036;
3012;711;752;44060;
3012;711;753;45084;
3012;711;750;46104;
3022;712;752;47132;
3007;711;752;48156;
2988;711;752;49180;
3022;711;753;50204;
3012;711;755;51228;
3022;712;753;52252;
3002;711;752;53272;
3002;711;753;54300;
2998;713;752;55320;
3007;713;752;56348;
2998;712;752;57372;
3012;711;753;58392;
3002;710;753;59416;
3007;711;753;60444;
3002;712;753;61468;
3002;711;753;62492;
3002;712;752;63512;
2998;711;752;64540;
2988;712;752;24;
3002;712;753;1040;
2983;711;752;2064;
2988;712;752;3092;
3002;712;753;4116;
2998;711;753;5132;
2988;711;752;6160;
2993;713;753;7184;
2993;711;751;8212;
2983;712;753;9236;
2978;711;752;10260;
2983;711;753;11284;
2973;708;752;12312;
2983;711;752;13340;
2983;712;752;14364;
2978;712;753;15384;
2958;711;751;16412;
2968;713;753;17432;
2973;711;753;18456;
2968;710;752;19480;
2949;709;752;20504;
2958;711;753;21532;
2958;711;752;22552;
2954;711;753;23576;
2949;712;750;24600;
2944;713;751;25624;
2934;712;753;26648;
2949;713;753;27668;
2944;711;754;28692;
2949;710;753;29720;
2944;711;753;30744;
2915;713;752;31768;
2905;713;750;32792;
2919;712;752;33816;
2905;711;752;34840;
2919;710;752;35868;
2924;711;753;36892;
2910;711;753;37916;
2905;713;753;38940;
2885;712;751;39960;
2880;712;752;40984;
2895;713;754;42008;
2905;710;753;43032;
2885;710;752;44060;
2880;711;753;45084;
2890;713;753;46108;
2885;713;753;47132;
2871;712;752;48152;
2871;711;753;49176;
2866;711;753;50204;
2871;712;753;51228;
2856;710;752;52252;
2871;712;755;53276;
2866;711;754;54296;
2856;712;753;55324;
2846;712;752;56348;
2827;711;753;57368;
2841;711;754;58396;
2827;710;753;59416;
2846;711;752;60444;
2841;712;753;61468;
2827;711;753;62488;
2827;712;753;63516;
2807;711;751;64536;
2807;713;751;24;
2807;711;752;1048;
2802;711;752;2076;
2792;711;754;3092;
2797;710;753;4112;
2802;713;753;5132;
2792;711;752;6156;
2792;711;753;7180;
2792;711;753;8200;
2788;711;753;9212;
2778;711;755;10232;
2768;711;752;11252;
2753;710;753;12268;
2734;713;752;13288;
2739;711;752;14300;
2734;713;753;15320;
2739;712;753;16336;
2734;711;753;17356;
2724;711;753;18376;
2734;711;752;19396;
2724;711;752;20416;
2724;711;751;21436;
2709;711;752;22456;
2724;711;753;23476;
2714;712;752;24496;
2714;713;754;25516;
2700;712;751;26540;
2685;713;752;27560;
2690;713;752;28580;
2685;711;752;29600;
2670;713;752;30620;
2670;712;752;31640;
2651;713;752;32660;
2646;712;752;33680;
2646;712;752;34700;
2661;712;752;35716;
2646;713;752;36736;
2636;713;753;37756;
2651;711;753;38776;
2641;711;753;39796;
2636;711;752;40816;
2631;714;755;41836;
2622;711;752;42856;
2622;711;755;43876;
2617;711;753;44896;
2607;711;752;45916;
2607;713;753;46936;
2597;711;753;47956;
2592;711;752;48976;
2573;711;753;49996;
2573;711;752;51020;
2563;712;752;52040;
2568;712;752;53060;
2558;712;751;54080;
2568;715;754;55100;
2553;713;751;56120;
2543;715;752;57140;
2534;714;752;58160;
2529;712;752;59180;
2534;714;752;60200;
2519;713;752;61224;
2500;711;751;62244;
2500;713;752;63264;
2504;714;751;64284;
2485;714;751;65304;
2495;712;753;788;
2504;713;752;1800;
2500;711;752;2812;
2485;713;754;3824;
2456;711;752;4836;
2470;713;751;5860;
2460;713;752;6880;
2460;714;752;7900;
2456;711;755;8920;
2446;713;752;9940;
2451;715;752;10964;
2436;715;753;11984;
2426;713;752;13004;
2426;715;753;14024;
2426;713;752;15044;
2416;715;753;16064;
2412;714;754;17084;
2412;715;753;18104;
2412;716;752;19124;
2421;716;754;20144;
2402;716;755;21164;
2382;715;752;22184;
2387;716;752;23204;
2377;716;752;24224;
2373;713;755;25244;
2377;716;753;26264;
2363;717;752;27284;
2358;716;752;28304;
2358;718;753;29324;
2377;717;754;30344;
2343;718;752;31364;
2343;716;752;32384;
2333;716;755;33404;
2324;716;752;34424;
2324;719;752;35444;
2324;718;754;36464;
2319;719;755;37488;
2324;718;753;38508;
2314;718;754;39528;
2309;718;753;40548;
2299;719;752;41568;
2285;719;754;42588;
2294;719;753;43608;
2304;719;755;44628;
2299;719;753;45648;
2285;719;754;46668;
2280;719;753;47688;
2280;720;754;48708;
2270;720;753;49728;
2260;719;753;50748;
2255;719;752;51768;
2260;720;753;52792;
2260;719;753;53812;
2255;722;753;54832;
2246;721;753;55852;
2246;722;754;56872;
2231;720;752;57892;
2221;721;752;58912;
2231;723;753;59932;
2226;723;753;60952;
2216;723;753;61972;
2216;723;753;62992;
2207;724;752;64008;
2202;724;753;65028;
2202;723;753;512;
2202;724;753;1524;
2187;726;752;2540;
2177;728;751;3560;
2182;728;752;4580;
2177;727;753;5592;
2172;726;754;6612;
2187;727;753;7624;
2167;724;752;8644;
2167;728;752;9668;
2158;726;753;10680;
2167;724;753;11700;
2148;727;754;12716;
2138;726;752;13736;
2138;726;753;14756;
2128;727;754;15776;
2124;727;753;16796;
2128;724;753;17816;
2114;728;752;18836;
2124;728;752;19848;
2124;729;752;20868;
2128;730;752;21880;
2124;729;752;22900;
2114;729;752;23916;
2109;728;752;24936;
2109;728;752;25960;
2114;728;753;26972;
2114;728;752;27992;
2099;728;753;29012;
2104;728;753;30032;
2094;730;753;31052;
2089;729;752;32072;
2089;729;754;33092;
2099;728;754;34104;
2084;729;752;35124;
2084;731;751;36136;
2084;731;752;37152;
2089;731;752;38168;
2075;730;750;39188;
2075;729;751;40208;
2075;731;752;41228;
2070;731;753;42244;
2065;731;752;43264;
2075;728;755;44284;
2065;728;753;45296;
2065;730;753;46316;
2036;729;754;47332;
2041;731;752;48352;
2041;729;752;49364;
2036;729;752;50380;
2045;730;752;51400;
2050;731;752;52416;
2060;731;753;53432;
2045;730;752;54452;
2041;731;752;55472;
2036;728;753;56492;
2045;730;753;57508;
2036;728;753;58528;
2045;728;752;59544;
2031;729;755;60564;
2021;728;753;61576;
2021;728;753;62596;
2006;728;753;63616;
2006;731;751;64636;
2011;729;752;112;
2036;730;753;1128;
2026;731;751;2148;
2036;730;752;3168;
2036;729;753;4192;
2026;732;753;5204;
2026;728;753;6224;
2026;729;752;7236;
2031;731;753;8256;
2026;729;754;9276;
2026;731;754;10296;
2026;729;753;11316;
2026;731;753;12336;
2021;731;755;13352;
2011;732;752;14372;
1992;731;752;15388;
2011;731;752;16412;
1997;732;753;17436;
2006;732;752;18452;
2026;732;753;19476;
2021;732;753;20496;
2011;730;753;21520;
2011;728;753;22540;
2016;729;753;23564;
2026;732;753;24584;
2021;731;753;25608;
2021;730;754;26632;
2006;732;752;27652;
2021;733;752;28668;
2026;732;752;29688;
2026;731;752;30708;
2021;732;752;31720;
2011;729;752;32740;
2026;732;753;33760;
2021;731;753;34780;
2021;731;753;35800;
2026;732;753;36816;
2041;732;754;37832;
2021;733;752;38852;
2026;732;755;39872;
2011;732;752;40892;
2026;732;753;41912;
2026;733;753;42932;
2011;732;753;43948;
2026;733;752;44968;
2016;732;751;45988;
2016;732;755;47008;
2021;732;750;48028;
2026;732;755;49048;
2036;733;752;50072;
2026;730;752;51092;
2021;732;752;52112;
2026;732;752;53132;
2031;733;753;54152;
2026;731;753;55172;
2026;732;752;56192;
2050;732;753;57212;
2036;732;752;58232;
2045;732;755;59252;
2036;733;752;60272;
2045;731;753;61292;
2045;734;753;62312;
2050;733;752;63324;
2055;733;752;64344;
2050;734;752;65364;
2065;733;752;848;
2075;734;753;1860;
2080;732;752;2872;
2065;730;753;3884;
2065;733;753;4896;
2080;732;753;5908;
2089;733;752;6924;
2089;732;752;7944;
2089;732;755;8960;
2099;732;753;9980;
2094;731;752;10996;
2094;734;753;12016;
2089;732;752;13032;
2089;734;752;14052;
2089;733;752;15068;
2089;733;755;16088;
2089;732;752;17108;
2094;733;752;18128;
2084;732;753;19148;
2109;732;752;20168;
2109;732;753;21188;
2109;734;751;22208;
2114;734;753;23228;
2109;734;752;24248;
2124;733;751;25268;
2119;732;752;26288;
2128;732;751;27308;
2124;733;754;28328;
2128;734;752;29348;
2138;734;753;30368;
2138;734;751;31388;
2138;732;752;32404;
2153;734;752;33424;
2148;732;753;34444;
2138;732;751;35468;
2158;733;752;36484;
2167;732;752;37504;
2163;732;752;38528;
2167;733;752;39552;
2187;732;753;40572;
2172;734;752;41592;
2202;731;753;42612;
2192;732;753;43632;
2202;732;753;44656;
2207;732;754;45676;
2211;732;753;46696;
2207;729;754;47716;
2221;732;753;48736;
2216;732;753;49756;
2221;732;753;50776;
2221;732;753;51796;
2221;732;754;52812;
2231;732;753;53832;
2231;732;752;54852;
2221;732;752;55872;
2241;732;753;56892;
2231;729;752;57912;
2260;732;755;58936;
2260;732;752;59956;
2270;731;755;60976;
2265;730;752;61996;
2280;733;754;63016;
2280;731;753;64036;
2294;730;753;65056;
2280;729;753;540;
2280;732;753;1552;
2285;732;752;2568;
2304;734;754;3580;
2299;729;753;4592;
2314;732;753;5612;
2324;732;753;6632;
2324;729;753;7652;
2333;731;752;8672;
2333;732;755;9692;
2338;733;755;10712;
2343;731;753;11732;
2343;731;752;12752;
2343;731;755;13768;
2358;730;753;14788;
2358;731;753;15808;
2373;732;753;16828;
2358;731;753;17848;
2358;730;753;18864;
2368;732;753;19884;
2363;732;752;20904;
2373;732;755;21920;
2363;732;751;22940;
2377;732;753;23956;
2387;731;752;24976;
2402;732;753;25996;
2416;732;751;27008;
2416;732;752;28028;
2421;731;752;29044;
2426;731;752;30064;
2436;732;754;31084;
2436;728;753;32104;
2441;729;753;33120;
2451;729;753;34140;
2451;729;752;35160;
2451;728;752;36180;
2460;728;752;37200;
2460;728;753;38220;
2460;729;753;39232;
2460;729;754;40248;
2460;729;753;41268;
2490;731;752;42284;
2490;729;753;43304;
2495;729;753;44316;
2495;728;752;45336;
2514;728;753;46352;
2519;727;753;47372;
2519;728;752;48388;
2529;728;753;49408;
2534;728;754;50424;
2534;728;753;51444;
2534;728;753;52456;
2519;728;754;53472;
2534;728;751;54492;
2543;728;752;55512;
2553;728;752;56532;
2558;728;752;57552;
2553;728;751;58572;
2573;728;753;59592;
2568;727;752;60612;
2592;726;751;61628;
2573;727;753;62648;
2592;727;751;63664;
2607;725;753;64684;
2612;726;752;164;
2617;725;754;1180;
2617;723;752;2200;
2617;722;754;3220;
2631;723;753;4240;
2636;725;752;5256;
2617;723;753;6268;
2617;725;752;7288;
2636;723;753;8304;
2651;723;754;9324;
2651;723;751;10336;
2661;723;750;11356;
2670;723;755;12376;
2670;723;753;13388;
2685;723;753;14408;
2685;718;752;15428;
2685;720;753;16448;
2690;723;753;17468;
2690;719;752;18488;
2700;719;753;19504;
2709;721;753;20524;
2690;719;752;21540;
2714;718;753;22564;
2719;721;753;23584;
2734;719;753;24600;
2734;719;755;25628;
2724;717;752;26652;
2744;719;753;27676;
2749;719;753;28696;
2749;720;754;29720;
2724;721;750;30748;
2744;719;752;31768;
2768;719;755;32792;
2768;719;752;33816;
2773;719;753;34836;
2773;718;753;35860;
2788;718;754;36880;
2778;716;753;37904;
2788;719;754;38928;
2788;719;752;39952;
2792;719;753;40972;
2773;719;751;41996;
2807;719;752;43020;
2817;718;753;44044;
2822;718;753;45072;
2822;717;753;46100;
2822;716;753;47120;
2817;716;753;48140;
2827;719;752;49168;
2841;719;753;50192;
2846;718;753;51216;
2841;716;753;52244;
2846;717;753;53268;
2841;716;752;54292;
2846;716;751;55320;
2851;718;753;56344;
2866;716;754;57368;
2861;716;753;58392;
2846;714;752;59420;
2856;715;752;60444;
2871;717;754;61468;
2871;716;752;62488;
2846;715;755;63516;
2871;716;752;64540;
2885;715;755;28;
2900;715;753;1052;
2900;716;753;2076;
2900;713;752;3100;
2910;716;753;4120;
2890;715;753;5140;
2900;715;752;6168;
2905;716;754;7192;
2910;715;753;8216;
2929;713;753;9244;
2919;713;753;10268;
2929;714;753;11292;
2929;714;753;12316;
2934;714;754;13336;
2929;715;751;14364;
2939;714;753;15388;
2949;712;753;16412;
2949;712;753;17436;
2949;711;754;18452;
2954;711;753;19480;
2949;713;753;20504;
2939;713;752;21528;
2949;713;752;22556;
2958;715;753;23576;
2968;713;754;24600;
2958;711;753;25628;
2968;712;755;26652;
2968;713;753;27676;
2973;713;752;28700;
2973;713;752;29720;
2958;712;751;30748;
2973;713;752;31772;
2983;713;753;32792;
2978;711;754;33816;
2988;710;753;34844;
2993;713;753;35864;
2993;713;752;36892;
2983;713;752;37916;
2973;713;753;38940;
2983;711;752;39960;
3002;712;753;40988;
2998;711;754;42012;
3002;712;753;43036;
3002;713;753;44060;
3002;713;753;45084;
3002;713;753;46100;
3002;712;753;47120;
3002;713;753;48144;
2998;712;752;49164;
3002;713;754;50192;
3012;712;755;51216;
3012;711;755;52244;
3002;711;753;53264;
3012;713;754;54292;
3002;713;752;55320;
3002;711;752;56344;
2998;711;752;57368;
3002;711;753;58396;
2998;711;752;59420;
3012;713;753;60444;
3017;713;751;61468;
3002;712;752;62492;
2998;712;751;63516;
3007;711;753;64540;
3017;710;753;28;
3012;711;753;1052;
3012;711;755;2072;
3027;712;752;3100;
3027;712;751;4116;
3027;712;753;5136;
3017;711;752;6160;
3012;711;752;7184;
3002;711;752;8212;
3017;711;753;9240;
3027;711;753;10264;
3027;715;752;11292;
3027;713;753;12316;
3017;712;752;13340;
3002;711;752;14364;
3017;711;752;15388;
3022;711;752;16408;
3017;711;753;17436;
3012;714;753;18456;
3012;712;752;19480;
3022;713;751;20508;
2988;711;752;21532;
2993;711;751;22556;
3022;712;752;23580;
3002;711;752;24604;
3002;710;753;25628;
3012;712;753;26652;
3007;712;751;27676;
3007;711;753;28700;
2988;711;753;29724;
2988;710;752;30748;
3002;711;755;31772;
3002;713;753;32796;
3002;708;753;33820;
3002;709;753;34840;
3002;710;755;35860;
3002;711;752;36884;
2988;711;753;37912;
2968;713;752;38936;
2978;712;752;39960;
2988;713;753;40988;
2993;711;754;42012;
2988;714;754;43032;
2988;712;753;44056;
2988;712;752;45084;
2968;711;753;46108;
2973;711;753;47132;
2968;713;753;48156;
2983;711;754;49180;
2968;711;752;50204;
2983;712;752;51228;
2973;713;752;52252;
2973;713;750;53276;
2949;713;752;54300;
2944;711;753;55324;
2958;711;752;56348;
2968;711;753;57372;
2958;711;753;58392;
2949;710;753;59416;
2958;711;752;60440;
2954;713;753;61468;
2929;711;752;62488;
2929;713;751;63512;
2929;712;752;64536;
2934;712;753;28;
2934;710;753;1052;
2929;711;753;2076;
2934;711;753;3096;
2929;712;753;4120;
2895;711;752;5140;
2905;711;752;6168;
2910;713;752;7196;
2924;711;753;8220;
2915;710;753;9244;
2910;711;752;10268;
2910;712;753;11292;
2895;713;752;12316;
2880;713;750;13340;
2890;711;752;14364;
2885;713;752;15388;
2885;711;754;16408;
2885;710;753;17432;
2885;712;753;18460;
2885;711;755;19480;
2880;713;754;20504;
2851;711;752;21528;
2846;712;751;22552;
2871;712;753;23580;
2866;712;753;24600;
2846;710;753;25628;
2846;711;753;26652;
2846;711;753;27672;
2846;711;753;28692;
2846;711;753;29712;
2846;710;752;30728;
2836;712;753;31752;
2832;713;752;32776;
2817;712;752;33804;
2817;712;753;34828;
2807;711;753;35856;
2807;712;754;36880;
2807;713;752;37908;
2797;712;751;38932;
2802;713;753;39956;
2792;713;752;40980;
2797;711;753;42008;
2788;711;753;43032;
2773;711;754;44056;
2773;712;753;45080;
2753;713;751;46108;
2753;711;753;47132;
2763;713;752;48156;
2753;711;754;49180;
2753;711;755;50200;
2753;711;753;51220;
2744;711;753;52240;
2749;710;753;53264;
2739;711;754;54288;
2734;711;753;55308;
2729;713;753;56332;
2714;713;752;57356;
2709;713;751;58380;
2714;712;753;59404;
2690;711;752;60424;
2700;712;754;61448;
2695;712;754;62468;
2700;710;754;63496;
2690;711;754;64520;
2675;713;753;8;
2670;712;752;1036;
2661;713;751;2056;
2651;711;753;3080;
2666;711;755;4092;
2661;711;752;5108;
2661;711;753;6120;
2651;711;754;7132;
2646;711;755;8156;
2636;711;755;9172;
2641;713;754;10192;
2636;711;754;11212;
2622;711;753;12232;
2607;711;752;13252;
2622;712;753;14272;
2617;711;752;15292;
2617;713;753;16312;
2592;711;753;17332;
2578;711;753;18352;
2597;713;754;19372;
2583;711;755;20392;
2573;711;754;21412;
2573;712;754;22432;
2563;713;753;23452;
2563;711;753;24472;
2548;713;753;25492;
2553;714;752;26512;
2558;711;753;27532;
2534;713;753;28544;
2519;713;753;29556;
2529;710;754;30568;
2529;710;753;31588;
2529;712;753;32608;
2514;710;753;33628;
2514;711;754;34648;
2504;712;753;35668;
2504;713;753;36692;
2495;713;752;37712;
2500;713;753;38732;
2485;711;752;39752;
2480;713;754;40772;
2480;713;753;41792;
2475;712;754;42812;
2460;713;753;43832;
2465;713;753;44852;
2465;713;753;45872;
2460;715;752;46892;
2456;714;753;47912;
2436;713;753;48932;
2436;714;752;49952;
2436;713;753;50972;
2421;713;752;51992;
2421;715;755;53012;
2421;715;753;54032;
2421;713;753;55052;
2412;716;752;56072;
2407;716;752;57096;
2397;717;752;58120;
2382;716;752;59140;
2377;717;752;60160;
2377;718;752;61180;
2358;716;752;62200;
2353;717;751;63224;
2348;718;751;64244;
2348;718;752;65264;
2358;718;753;748;
2343;716;751;1760;
2343;717;752;2772;
2343;716;755;3784;
2338;719;753;4796;
2324;719;753;5816;
2309;719;752;6836;
2319;719;752;7856;
2294;719;751;8876;
2304;719;752;9896;
2294;719;752;10916;
2285;719;751;11936;
2275;720;750;12956;
2270;720;752;13976;
2270;719;752;14996;
2275;721;751;16016;
2260;722;752;17036;
2255;723;749;18056;
2260;721;752;19076;
2250;721;751;20096;
2246;721;753;21116;
2246;721;751;22136;
2246;723;752;23156;
2236;723;751;24176;
2226;722;750;25196;
2231;722;753;26220;
2231;723;753;27240;
2221;724;753;28256;
2207;723;751;29276;
2221;726;755;30296;
2221;724;753;31320;
2216;723;753;32340;
2207;725;753;33360;
2202;723;753;34380;
2202;727;752;35404;
2187;723;753;36420;
2192;726;753;37440;
2187;723;752;38460;
2177;726;752;39480;
2182;726;752;40500;
2177;725;753;41520;
2163;728;752;42540;
2172;723;753;43560;
2163;728;754;44584;
2153;724;753;45604;
2167;726;753;46628;
2163;727;753;47648;
2163;726;752;48668;
2153;727;753;49688;
2148;726;754;50708;
2148;727;752;51728;
2148;726;753;52748;
2148;728;754;53768;
2128;727;754;54788;
2128;727;754;55808;
2138;725;754;56824;
2124;729;753;57844;
2109;728;753;58864;
2124;727;753;59884;
2109;728;752;60904;
2109;728;752;61924;
2114;726;754;62944;
2089;728;753;63964;
2099;727;752;64988;
2099;728;753;472;
2084;729;752;1484;
2089;730;753;2504;
2075;728;752;3524;
2075;729;751;4544;
2075;729;753;5556;
2089;728;752;6568;
2075;728;753;7588;
2084;728;752;8600;
2075;728;753;9620;
2065;728;753;10640;
2065;728;753;11652;
2065;728;752;12668;
2060;732;752;13688;
2065;729;750;14700;
2065;730;752;15716;
2065;730;751;16736;
2065;732;752;17752;
2045;729;753;18772;
2045;728;752;19792;
2060;732;755;20812;
2045;728;752;21824;
2036;731;752;22844;
2036;729;752;23860;
2036;732;753;24876;
2031;731;755;25896;
2021;730;755;26916;
2011;731;750;27936;
2050;732;752;28948;
2036;732;752;29964;
2045;731;753;30984;
2026;728;752;31996;
2036;729;753;33016;
2026;729;752;34028;
2021;729;753;35048;
2011;728;752;36068;
2026;732;753;37088;
2011;732;753;38100;
2026;731;752;39120;
2031;732;752;40132;
2021;731;752;41152;
2026;731;753;42172;
2026;729;753;43188;
2016;729;753;44204;
2026;731;753;45224;
2026;731;753;46244;
2011;728;753;47260;
2006;732;752;48280;
1997;732;753;49292;
2006;732;752;50312;
2011;731;754;51332;
1992;732;751;52352;
2026;732;752;53364;
2026;733;752;54384;
2026;732;753;55400;
2021;732;752;56420;
2026;729;752;57440;
2026;731;755;58452;
2021;731;753;59472;
2021;732;753;60492;
2016;731;753;61504;
1997;731;754;62524;
2021;732;752;63544;
2011;732;752;64556;
2021;733;752;40;
2021;734;752;1060;
2026;732;752;2076;
2021;732;752;3100;
2006;731;752;4124;
2011;732;754;5140;
2011;732;752;6168;
2026;732;752;7188;
2021;732;753;8208;
2026;732;752;9232;
2021;731;752;10252;
2026;731;754;11276;
2026;731;754;12300;
2036;731;753;13320;
2021;729;753;14332;
2026;728;753;15352;
2026;733;752;16372;
2026;730;753;17388;
2026;732;753;18408;
2026;732;752;19420;
2026;732;752;20440;
2045;732;752;21456;
2036;732;752;22476;
2050;732;752;23496;
2031;731;751;24516;
2036;732;752;25536;
2045;731;753;26556;
2045;734;752;27576;
2045;732;751;28600;
2036;732;752;29620;
2041;732;752;30640;
2045;732;752;31660;
2050;732;752;32680;
2050;732;753;33700;
2050;732;753;34720;
2065;732;752;35732;
2065;732;753;36752;
2070;732;753;37768;
2075;728;754;38788;
2065;731;754;39808;
2070;732;753;40828;
2089;729;753;41848;
2075;732;753;42868;
2089;730;753;43888;
2075;731;753;44908;
2075;729;753;45928;
2089;729;752;46944;
2089;729;753;47964;
2089;731;753;48980;
2094;729;753;50000;
2099;729;753;51020;
2104;732;753;52040;
2109;732;752;53060;
2109;729;753;54080;
2099;733;752;55100;
2109;729;752;56116;
2119;732;752;57136;
2109;729;753;58156;
2124;732;753;59176;
2124;732;754;60192;
2124;732;752;61212;
2128;732;753;62232;
2124;732;751;63252;
2133;733;753;64272;
2114;732;750;65292;
2138;732;752;776;
2163;733;752;1788;
2163;730;753;2800;
2148;731;752;3812;
2148;732;752;4832;
2143;732;750;5844;
2167;733;752;6864;
2163;732;752;7884;
2158;732;751;8904;
2182;732;752;9924;
2172;732;752;10944;
2172;732;751;11964;
2167;731;752;12984;
2187;732;751;14004;
2192;732;752;15024;
2192;732;753;16044;
2192;732;752;17064;
2202;733;752;18084;
2192;732;752;19104;
2202;731;750;20124;
2207;732;752;21144;
2207;732;751;22164;
2211;731;752;23184;
2221;734;751;24204;
2216;732;755;25224;
2241;732;752;26244;
2231;732;755;27264;
2246;732;751;28284;
2246;732;752;29304;
2246;732;751;30324;
2250;732;755;31344;
2270;732;752;32364;
2255;732;751;33384;
2260;732;752;34404;
2280;732;752;35424;
2270;731;752;36444;
2285;732;751;37464;
2280;732;752;38484;
2280;732;751;39504;
2285;731;753;40524;
2304;731;751;41544;
2319;732;753;42564;
2304;732;753;43584;
2309;731;752;44604;
2304;729;751;45624;
2324;731;752;46644;
2333;732;751;47664;
2324;731;751;48688;
2343;732;753;49708;
2353;732;752;50728;
2363;732;752;51748;
2358;731;752;52768;
2358;731;752;53788;
2368;731;752;54808;
2373;731;751;55828;
2373;730;752;56848;
2377;732;752;57868;
2387;731;752;58888;
2402;732;752;59908;
2397;730;752;60928;
2402;732;752;61952;
2421;728;753;62976;
2426;732;753;63996;
2431;731;752;65016;
2426;729;753;504;
2436;730;753;1516;
2421;731;752;2528;
2426;732;753;3540;
2456;728;753;4552;
2460;728;752;5564;
2460;729;753;6584;
2441;729;753;7596;
2451;729;751;8616;
2460;730;753;9636;
2480;730;752;10656;
2480;731;752;11672;
2475;728;755;12692;
2475;729;751;13712;
2495;729;751;14724;
2500;728;753;15744;
2514;728;753;16764;
2519;728;753;17780;
2514;728;753;18800;
2514;728;752;19820;
2534;729;753;20840;
2534;728;752;21860;
2534;727;753;22880;
2534;728;753;23900;
2558;728;753;24920;
2558;725;755;25940;
2563;727;755;26956;
2573;728;753;27976;
2573;724;753;28992;
2573;724;753;30012;
2573;726;753;31028;
2583;726;753;32048;
2578;727;752;33068;
2573;726;753;34088;
2612;727;752;35108;
2592;726;752;36124;
2597;726;751;37144;
2612;726;752;38160;
2631;726;755;39180;
2622;726;753;40192;
2641;724;753;41216;
2646;723;753;42232;
2641;721;753;43252;
2651;723;754;44268;
2661;723;754;45288;
2661;721;753;46308;
2661;722;752;47324;
2661;721;752;48344;
2670;722;755;49356;
2661;721;753;50376;
2670;724;752;51396;
2670;723;753;52412;
2690;723;752;53432;
2685;723;753;54448;
2709;722;753;55468;
2705;721;752;56484;
2714;719;753;57504;
2709;722;754;58516;
2729;718;752;59536;
2724;719;752;60552;
2734;719;753;61572;
2749;719;753;62588;
2753;721;755;63608;
2734;720;753;64620;
2734;719;752;104;
2749;719;753;1116;
2768;719;750;2140;
2744;719;748;3164;
2768;719;751;4184;
2763;719;753;5196;
2773;719;753;6208;
2773;716;752;7228;
2783;719;754;8244;
2778;716;752;9268;
2792;719;753;10288;
2792;717;753;11308;
2807;718;753;12320;
2792;716;753;13340;
2807;718;753;14360;
2807;716;753;15384;
2827;717;755;16404;
2817;716;752;17428;
2817;716;752;18452;
2822;715;753;19468;
2841;716;753;20492;
2846;718;754;21516;
2846;717;751;22540;
2827;717;749;23568;
2846;716;753;24592;
2856;717;752;25616;
2851;711;753;26640;
2866;716;752;27664;
2871;717;754;28688;
2861;716;752;29712;
2856;716;753;30740;
2885;716;753;31764;
2885;715;753;32788;
2885;714;753;33808;
2890;715;755;34828;
2885;716;754;35852;
2895;714;752;36876;
2895;716;753;37900;
2885;716;752;38924;
2885;716;752;39952;
2905;716;752;40972;
2895;715;752;41992;
2915;713;753;43020;
2919;711;753;44044;
2929;715;753;45068;
2924;715;752;46092;
2905;713;752;47120;
2915;713;752;48144;
2934;715;753;49172;
2924;711;752;50192;
2924;711;752;51216;
2934;711;753;52232;
2954;711;753;53256;
2934;711;753;54280;
2944;713;752;55304;
2934;713;751;56328;
2944;715;752;57356;
2963;715;755;58380;
2949;713;753;59404;
2958;711;753;60428;
2968;713;752;61452;
2963;713;753;62480;
2949;713;750;63504;
2968;715;753;64528;
2968;713;754;16;
2983;711;753;1040;
2978;714;752;2068;
2983;715;750;3096;
2963;715;751;4124;
2983;713;752;5140;
2988;711;752;6168;
2983;711;752;7196;
2998;715;752;8220;
2978;711;750;9244;
2988;713;751;10268;
2973;713;752;11292;
2988;711;753;12316;
3002;711;753;13340;
2998;712;752;14360;
2988;711;752;15384;
3002;711;753;16412;
3002;712;752;17436;
3002;712;749;18460;
2983;711;750;19484;
3002;712;752;20508;
3002;712;753;21532;
3017;713;754;22552;
3002;711;753;23580;
3007;713;754;24600;
3002;711;752;25628;
2998;711;750;26652;
3002;713;754;27672;
3002;713;754;28700;
3027;713;753;29724;
3012;710;753;30748;
3012;711;753;31772;
3027;711;753;32796;
3022;712;752;33820;
3022;712;752;34844;
3002;713;752;35868;
3012;711;753;36892;
3027;711;753;37916;
3027;711;753;38940;
3022;710;753;39960;
3022;712;754;40988;
3012;711;752;42012;
3002;711;752;43036;
2998;712;751;44060;
3017;711;752;45084;
3012;711;755;46108;
3027;710;753;47132;
3022;711;753;48156;
3007;712;752;49180;
3022;712;752;50204;
2998;711;753;51228;
2983;712;751;52252;
3002;711;752;53276;
3002;711;753;54296;
3012;710;752;55324;
3002;711;752;56348;
3002;711;753;57368;
3002;711;751;58396;
2988;711;751;59420;
2998;711;753;60440;
3007;711;753;61468;
3017;710;753;62492;
3022;711;754;63516;
3007;711;753;64536;
3002;711;754;28;
3002;713;752;1052;
2998;713;753;2072;
2998;713;752;3100;
2998;713;753;4120;
3002;712;752;5148;
3002;711;753;6172;
2993;711;753;7192;
3002;713;753;8220;
2988;711;752;9244;
2998;713;752;10264;
2988;711;753;11292;
2983;711;752;12316;
2988;712;753;13340;
2993;711;754;14360;
2983;711;754;15388;
2988;713;754;16412;
2978;711;749;17432;
2968;711;751;18456;
2954;712;754;19484;
2958;713;753;20504;
2973;711;753;21528;
2973;711;755;22556;
2958;711;752;23580;
2958;711;754;24604;
2949;711;751;25624;
2929;711;750;26648;
2929;713;752;27672;
2934;712;753;28696;
2963;710;753;29720;
2958;711;753;30748;
2949;715;753;31768;
2939;711;753;32792;
2944;713;752;33816;
2934;712;752;34844;
2929;712;755;35868;
2929;710;753;36888;
2929;711;753;37912;
2929;712;753;38940;
2929;711;753;39960;
2929;711;753;40980;
2929;711;753;42000;
2929;711;752;43020;
2910;711;752;44044;
2905;712;753;45072;
2885;712;750;46096;
2905;713;753;47120;
2895;712;752;48144;
2900;712;754;49168;
2885;711;754;50192;
2885;711;753;51220;
2895;711;753;52240;
2875;711;752;53264;
2856;711;751;54292;
2875;711;752;55316;
2871;710;753;56344;
2875;711;753;57368;
2871;715;755;58392;
2871;712;753;59416;
2841;711;752;60440;
2832;713;752;61464;
2861;713;755;62488;
2846;713;753;63512;
2841;711;753;64536;
2846;711;753;28;
2832;712;752;1052;
2807;711;755;2076;
2802;711;753;3092;
2807;711;752;4112;
2822;713;753;5132;
2817;713;753;6152;
2788;712;751;7180;
2802;712;752;8204;
2807;711;753;9228;
2802;711;754;10256;
2788;712;753;11280;
2773;711;752;12308;
2763;711;751;13328;
2763;711;751;14352;
2763;713;752;15372;
2763;712;752;16392;
2734;711;751;17404;
2749;711;751;18424;
2734;711;752;19444;
2739;711;752;20460;
2739;711;752;21480;
2739;710;752;22492;
2739;711;752;23512;
2734;711;752;24532;
2724;710;752;25552;
2719;710;752;26572;
2714;711;753;27592;
2700;711;753;28612;
2700;711;754;29632;
2709;711;753;30652;
2700;711;752;31672;
2690;711;753;32692;
2685;711;752;33712;
2675;711;752;34732;
2685;711;753;35752;
2675;711;754;36772;
2675;711;753;37792;
2675;711;753;38812;
2670;710;754;39828;
2666;711;753;40852;
2651;711;755;41872;
2646;711;753;42892;
2646;711;753;43912;
2636;711;753;44928;
2617;711;752;45948;
2631;711;754;46972;
2626;711;752;47992;
2631;711;755;49012;
2607;711;755;50032;
2617;711;754;51052;
2587;711;753;52072;
2592;710;755;53092;
2592;711;753;54112;
2592;711;753;55132;
2583;711;752;56148;
2568;709;753;57160;
2558;714;752;58172;
2568;713;753;59192;
2558;713;752;60212;
2543;711;752;61232;
2553;713;752;62252;
2543;713;752;63272;
2534;713;752;64292;
2519;713;753;65316;
2524;712;753;800;
2534;714;753;1812;
2519;711;752;2828;
2514;711;753;3840;
2500;711;752;4852;
2490;713;752;5872;
2495;713;753;6892;
2490;713;751;7912;
2480;713;752;8932;
2475;713;753;9952;
2480;715;753;10972;
2460;713;752;11992;
2451;715;752;13012;
2451;713;752;14032;
2460;711;755;15052;
2451;713;752;16072;
2441;715;752;17096;
2436;713;752;18116;
2421;716;752;19136;
2421;714;752;20156;
2421;712;753;21176;
2416;715;752;22196;
2407;715;752;23216;
2392;715;752;24236;
2402;716;752;25256;
2397;716;752;26276;
2392;716;752;27296;
2382;716;752;28316;
2377;717;753;29336;
2358;716;752;30356;
2358;717;752;31376;
2373;718;752;32396;
2368;718;753;33416;
2363;718;752;34436;
2358;718;752;35456;
2333;717;752;36480;
2358;718;752;37500;
2348;717;753;38520;
2343;717;753;39540;
2333;717;753;40560;
2338;718;753;41580;
2324;719;753;42604;
2324;718;753;43624;
2324;719;753;44644;
2314;719;753;45664;
2304;719;753;46684;
2309;719;755;47704;
2304;719;755;48724;
2299;718;754;49744;
2285;719;753;50764;
2280;719;754;51784;
2270;721;754;52804;
2280;720;752;53824;
2260;720;753;54844;
2255;719;753;55864;
2255;719;753;56884;
2260;719;753;57900;
2260;722;754;58920;
2246;721;754;59940;
2260;719;755;60960;
2246;723;755;61980;
2226;723;753;63000;
2221;723;754;64024;
2221;723;753;65044;
2231;723;753;528;
2216;723;753;1540;
2197;724;752;2552;
2202;723;753;3564;
2207;724;753;4576;
2187;727;753;5588;
2187;727;753;6600;
2202;728;753;7612;
2187;726;753;8628;
2187;728;752;9648;
2182;728;753;10668;
2187;728;753;11688;
2187;727;752;12708;
2177;728;752;13728;
2167;728;751;14748;
2177;727;752;15768;
2163;728;752;16788;
2158;728;752;17808;
2158;726;753;18828;
2148;726;753;19840;
2153;728;755;20860;
2138;727;752;21872;
2133;728;752;22888;
2128;728;752;23908;
2128;728;752;24928;
2143;728;753;25944;
2114;726;753;26956;
2114;728;752;27976;
2128;728;753;28996;
2104;728;751;30016;
2124;728;752;31036;
2124;728;753;32056;
2109;728;754;33072;
2114;728;752;34092;
2109;726;753;35112;
2099;727;753;36136;
2094;729;753;37156;
2094;727;753;38172;
2089;728;753;39192;
2094;728;753;40212;
2099;728;753;41232;
2089;728;753;42252;
2065;725;754;43264;
2065;729;752;44288;
2065;729;753;45300;
2065;728;752;46316;
2065;728;753;47336;
2065;729;753;48352;
2065;728;752;49368;
2065;728;753;50388;
2065;729;753;51400;
2060;728;754;52412;
2045;730;753;53432;
2036;729;752;54444;
2041;732;753;55464;
2050;729;752;56476;
2045;731;752;57496;
2036;730;752;58516;
2036;728;752;59536;
2036;728;752;60548;
2045;729;753;61568;
2036;729;753;62584;
2036;731;752;63604;
2026;730;753;64616;
2021;730;751;100;
2026;732;752;1120;
2026;732;753;2140;
2021;731;752;3160;
2026;732;753;4180;
2026;730;752;5192;
2036;732;752;6204;
2026;732;752;7224;
2036;729;753;8244;
2011;729;754;9256;
2031;729;754;10276;
2021;729;755;11292;
2026;730;753;12316;
2026;731;755;13336;
2026;731;753;14364;
2026;731;755;15380;
2026;730;753;16400;
2026;728;753;17424;
2026;728;753;18444;
2021;731;755;19460;
2026;728;753;20476;
2011;732;752;21496;
2021;729;753;22512;
2001;729;753;23532;
2011;732;752;24552;
2021;732;753;25568;
2021;732;753;26588;
2011;732;753;27604;
2011;732;753;28624;
2021;732;752;29636;
2026;732;754;30656;
2021;731;752;31676;
2026;734;753;32696;
2026;731;753;33716;
2026;731;753;34732;
2026;731;754;35752;
2021;732;753;36772;
2021;732;753;37792;
2021;732;753;38808;
2026;732;753;39828;
2026;731;753;40852;
2026;731;752;41868;
2026;732;754;42892;
2031;731;754;43912;
2026;731;753;44932;
2026;729;753;45952;
2026;732;753;46968;
2031;732;753;47988;
2031;732;755;49008;
2026;729;753;50024;
2036;729;754;51044;
2026;731;753;52064;
2026;733;753;53084;
2026;732;754;54100;
2026;732;752;55120;
2036;732;753;56140;
2036;733;752;57160;
2026;732;753;58184;
2036;732;755;59204;
2045;729;753;60224;
2036;732;752;61244;
2045;729;752;62264;
2055;732;753;63284;
2045;732;753;64304;
2055;734;754;65324;
2045;731;754;804;
2036;732;755;1820;
2060;732;753;2832;
2060;732;753;3844;
2060;732;753;4864;
2060;730;753;5876;
2065;733;754;6896;
2065;732;753;7912;
2070;734;752;8932;
2055;733;753;9948;
2065;733;751;10968;
2070;733;752;11984;
2070;732;752;13004;
2075;732;751;14020;
2075;734;751;15040;
2099;733;753;16056;
2099;732;753;17076;
2089;731;754;18088;
2089;732;753;19108;
2094;729;753;20128;
2109;731;753;21152;
2109;732;754;22172;
2114;731;753;23188;
2109;732;753;24212;
2124;731;755;25228;
2124;732;753;26248;
2119;731;754;27268;
2119;731;753;28288;
2124;729;753;29304;
2128;729;752;30324;
2143;729;753;31344;
2124;732;752;32364;
2138;732;754;33380;
2138;733;752;34400;
2143;732;753;35424;
2148;734;753;36444;
2153;731;753;37468;
2148;732;753;38488;
2153;732;753;39508;
2172;732;753;40528;
2167;732;753;41548;
2167;731;753;42568;
2172;731;752;43588;
2187;732;753;44608;
2182;731;753;45628;
2182;732;753;46648;
2187;732;752;47668;
2192;732;753;48688;
2192;732;753;49708;
2187;729;752;50724;
2211;730;752;51744;
2216;734;754;52764;
2221;732;754;53784;
2221;733;753;54804;
2221;731;753;55824;
2216;732;753;56844;
2231;732;752;57864;
2226;732;753;58884;
2231;732;753;59904;
2246;732;752;60924;
2250;729;754;61944;
2246;730;753;62964;
2246;732;753;63984;
2241;731;753;65000;
2250;732;752;484;
2260;732;753;1496;
2265;732;752;2508;
2280;732;752;3520;
2275;732;752;4532;
2280;732;751;5544;
2280;732;750;6560;
2285;732;752;7576;
2304;733;753;8596;
2299;732;751;9616;
2309;731;752;10636;
2319;734;752;11652;
2309;732;753;12672;
2324;731;754;13692;
2324;732;753;14708;
2333;731;753;15728;
2338;730;753;16744;
2333;732;752;17764;
2343;731;753;18780;
2338;732;753;19800;
2343;732;754;20816;
2353;733;752;21836;
2353;731;752;22852;
2343;731;752;23872;
2363;732;752;24892;
2377;732;751;25908;
2377;732;755;26928;
2397;732;753;27940;
2402;729;754;28960;
2397;729;753;29972;
2412;732;753;30992;
2397;732;753;32008;
2412;732;752;33028;
2421;732;752;34048;
2421;732;752;35068;
2426;731;751;36080;
2426;731;753;37100;
2421;731;754;38124;
2421;731;751;39144;
2441;728;750;40156;
2460;732;753;41176;
2465;729;753;42188;
2475;727;753;43208;
2475;729;753;44224;
2480;728;755;45240;
2480;728;753;46260;
2490;728;752;47280;
2490;728;753;48296;
2500;728;753;49316;
2500;729;755;50340;
2490;728;754;51356;
2500;727;753;52376;
2509;728;752;53396;
2509;728;754;54412;
2509;728;752;55432;
2529;728;752;56444;
2539;728;753;57468;
2534;727;749;58484;
2543;728;755;59504;
2543;728;752;60520;
2558;728;752;61540;
2558;727;752;62560;
2573;727;753;63576;
2573;724;753;64596;
2573;726;752;76;
2583;728;752;1088;
2573;726;752;2108;
2592;727;753;3128;
2612;727;753;4152;
2592;725;752;5164;
2617;726;750;6176;
2622;726;753;7196;
2622;725;752;8220;
2602;723;752;9244;
2622;724;753;10264;
2636;722;753;11292;
2636;721;753;12316;
2646;719;753;13340;
2651;723;753;14364;
2656;723;753;15388;
2656;723;752;16412;
2651;722;750;17436;
2651;723;752;18460;
2690;723;754;19484;
2685;723;753;20504;
2690;718;753;21532;
2690;720;752;22556;
2695;721;753;23580;
2690;721;752;24604;
2690;722;751;25628;
2700;723;753;26652;
2700;719;752;27676;
2714;719;753;28696;
2714;721;753;29720;
2734;718;754;30744;
2734;720;753;31768;
2734;721;754;32792;
2739;720;752;33816;
2749;720;753;34840;
2734;719;752;35864;
2744;721;754;36888;
2768;718;753;37912;
2768;719;752;38940;
2768;719;753;39964;
2768;719;754;40984;
2773;719;753;42008;
2773;719;751;43032;
2773;719;753;44052;
2778;719;751;45076;
2797;719;754;46100;
2792;717;752;47124;
2807;716;752;48148;
2807;719;755;49172;
2807;718;754;50196;
2792;719;751;51224;
2817;718;753;52248;
2827;718;753;53272;
2822;716;752;54296;
2832;716;753;55320;
2841;718;753;56344;
2841;717;752;57372;
2841;716;752;58392;
2827;716;752;59420;
2846;717;752;60440;
2856;715;755;61464;
2846;713;754;62488;
2871;719;753;63512;
2856;716;751;64540;
2851;716;752;28;
2856;716;753;1044;
2856;716;752;2072;
2871;714;752;3100;
2880;715;753;4112;
2885;716;752;5136;
2895;716;753;6160;
2895;714;753;7184;
2905;713;754;8204;
2905;713;753;9228;
2895;713;753;10252;
2910;715;753;11276;
2905;715;752;12300;
2905;715;752;13324;
2905;715;752;14344;
2895;715;751;15356;
2929;715;752;16376;
2929;714;750;17392;
2934;713;753;18412;
2934;714;752;19428;
2944;713;753;20448;
2934;715;753;21468;
2944;712;752;22492;
2934;713;752;23508;
2949;711;752;24528;
2944;714;753;25548;
2958;711;752;26568;
2949;710;752;27588;
2968;712;752;28608;
2949;710;752;29628;
2958;711;752;30648;
2954;711;753;31668;
2973;711;753;32688;
2968;711;753;33708;
2973;713;753;34728;
2968;711;754;35748;
2968;711;753;36768;
2983;712;753;37788;
2983;711;754;38808;
2983;711;753;39828;
2983;711;752;40848;
2983;715;753;41868;
2993;711;753;42888;
2973;710;752;43908;
2983;710;752;44928;
2988;711;752;45948;
2998;710;752;46968;
2998;711;752;47988;
2988;711;752;49008;
3002;711;753;50020;
3002;713;752;51036;
2988;714;751;52048;
2993;713;752;53068;
2998;713;752;54088;
2988;713;751;55108;
3002;714;752;56128;
3002;713;752;57148;
3002;714;751;58168;
2998;711;752;59188;
3002;713;752;60212;
2988;711;750;61232;
2998;711;750;62252;
3002;713;751;63272;
2998;711;751;64292;
2998;713;750;65312;
3002;713;751;796;
3017;712;752;1808;
3017;713;753;2820;
3027;711;753;3832;
3002;713;754;4844;
3017;713;752;5864;
3002;713;751;6884;
3002;712;750;7904;
3002;713;751;8924;
3002;713;751;9944;
3012;713;752;10960;
3007;713;751;11980;
3017;713;752;13000;
3027;713;753;14020;
3012;713;752;15040;
3022;713;754;16060;
3002;713;752;17080;
3007;711;753;18100;
3027;712;753;19120;
3012;712;751;20140;
3012;711;752;21164;
3002;711;751;22184;
3002;712;752;23204;
3012;712;752;24224;
3002;711;752;25244;
3012;713;753;26264;
3012;711;752;27288;
3002;712;752;28308;
3012;711;752;29328;
3002;711;752;30348;
3002;711;751;31368;
3002;712;752;32388;
3002;713;752;33408;
2993;710;752;34428;
2988;711;753;35448;
2983;711;752;36468;
3002;711;752;37488;
3002;711;752;38508;
2988;711;753;39528;
2998;712;753;40548;
2998;711;753;41568;
2998;710;753;42588;
2993;713;753;43608;
2998;711;753;44632;
3002;712;753;45652;
2983;711;752;46672;
2993;713;752;47692;
2998;713;755;48712;
2988;711;753;49732;
2983;713;755;50752;
2983;711;753;51772;
2973;711;755;52792;
2983;711;753;53812;
2983;711;753;54832;
2968;711;754;55848;
2958;711;753;56860;
2973;711;753;57872;
2973;711;753;58892;
2968;711;752;59912;
2968;711;752;60932;
2968;711;753;61952;
2954;711;753;62972;
2954;711;753;63992;
2958;713;753;65008;
2949;710;753;492;
2944;710;753;1504;
2934;711;754;2516;
2949;711;752;3528;
2949;710;753;4540;
2934;712;754;5552;
2934;710;752;6572;
2919;713;755;7592;
2910;711;753;8604;
2910;712;751;9624;
2929;713;752;10636;
2919;712;754;11656;
2905;712;752;12672;
2919;711;752;13692;
2910;711;753;14708;
2910;711;755;15728;
2905;711;754;16744;
2895;711;753;17764;
2895;710;753;18780;
2905;711;754;19800;
2905;711;752;20820;
2871;711;753;21832;
2871;713;751;22852;
2885;712;753;23864;
2875;711;752;24884;
2875;711;752;25900;
2871;713;752;26920;
2866;710;752;27940;
2866;711;752;28960;
2851;711;752;29980;
2851;711;752;31000;
2856;711;753;32012;
2846;711;753;33032;
2846;711;753;34052;
2846;711;753;35072;
2827;710;752;36088;
2827;711;752;37108;
2807;711;752;38120;
2802;712;752;39140;
2792;711;753;40160;
2802;710;753;41180;
2802;713;750;42200;
2807;713;752;43216;
2792;711;752;44236;
2802;711;750;45252;
2778;711;752;46272;
2792;713;753;47288;
2788;713;752;48312;
2778;711;753;49332;
2778;712;752;50348;
2773;710;752;51368;
2773;713;754;52384;
2758;710;753;53404;
2773;711;754;54416;
2763;710;753;55436;
2749;710;753;56456;
2744;712;753;57476;
2734;711;753;58492;
2724;711;754;59512;
2734;712;753;60532;
2714;712;753;61544;
2714;712;752;62564;
2714;711;751;63576;
2695;710;752;64596;
2709;711;753;76;
2700;710;752;1088;
2690;711;752;2100;
2670;711;754;3112;
2690;710;752;4124;
2685;711;753;5140;
2675;710;752;6164;
2670;711;753;7188;
2661;710;752;8212;
2661;714;752;9236;
2636;712;752;10256;
2651;713;753;11276;
2651;713;752;12296;
2636;711;752;13316;
2617;711;751;14344;
2617;711;752;15364;
2617;711;752;16380;
2597;711;752;17400;
2592;712;752;18420;
2612;711;754;19440;
2592;711;752;20460;
2583;711;752;21480;
2583;713;751;22500;
2587;711;753;23516;
2583;712;752;24536;
2573;712;753;25556;
2568;711;752;26576;
2573;712;752;27596;
2568;712;752;28616;
2558;713;753;29636;
2539;711;752;30656;
2534;711;752;31676;
2534;711;751;32696;
2534;712;752;33720;
2529;712;752;34740;
2519;712;751;35760;
2514;712;751;36780;
2500;712;751;37800;
2504;712;751;38820;
2495;711;752;39840;
2485;711;751;40860;
2490;715;752;41880;
2485;713;752;42900;
2480;713;751;43920;
2475;713;752;44940;
2465;713;751;45960;
2460;713;751;46980;
2451;713;751;48000;
2460;715;753;49020;
2451;713;752;50040;
2436;714;752;51060;
2436;714;752;52080;
2421;715;751;53100;
2416;715;751;54120;
2421;714;751;55140;
2412;716;752;56160;
2421;716;752;57180;
2412;716;753;58200;
2402;715;751;59220;
2397;716;752;60240;
2397;716;751;61260;
2392;716;752;62280;
2387;716;751;63300;
2358;716;751;64320;
2377;717;752;65340;
2373;717;752;824;
2358;718;752;1836;
2373;715;752;2852;
2358;715;753;3864;
2343;716;752;4876;
2358;716;753;5896;
2333;718;752;6916;
2343;719;752;7936;
2343;719;753;8956;
2329;719;752;9976;
2324;719;752;10996;
2324;719;753;12016;
2314;719;751;13036;
2309;719;753;14056;
2304;719;753;15076;
2304;719;752;16096;
2294;720;753;17116;
2299;719;753;18136;
2280;721;752;19156;
2280;719;753;20176;
2280;721;752;21196;
2270;719;752;22216;
2260;721;753;23240;
2280;719;754;24260;
2260;719;755;25280;
2260;722;755;26300;
2255;721;752;27320;
2255;720;753;28340;
2265;720;755;29360;
2236;723;752;30380;
2221;722;755;31400;
2231;721;752;32424;
2241;723;754;33444;
2231;721;753;34464;
2221;723;754;35484;
2216;723;752;36504;
2221;724;753;37524;
2221;724;753;38544;
2187;723;753;39556;
2202;726;752;40576;
2202;726;753;41596;
2187;726;753;42612;
2187;726;752;43632;
2177;726;752;44652;
2172;727;752;45672;
2182;728;752;46692;
2153;728;751;47712;
2167;728;753;48732;
2148;728;752;49752;
2148;727;753;50772;
2148;728;752;51792;
2148;728;752;52812;
2148;728;752;53832;
2143;728;752;54852;
2138;728;752;55872;
2128;728;752;56892;
2124;728;753;57916;
2124;728;752;58936;
2133;726;753;59956;
2124;728;752;60980;
2124;727;754;61996;
2124;728;752;63016;
2109;727;755;64036;
2114;728;752;65060;
2109;727;755;540;
2094;728;752;1552;
2104;727;753;2564;
2114;727;753;3580;
2114;728;754;4592;
2094;726;752;5612;
2109;726;753;6632;
2084;728;751;7652;
2089;728;754;8672;
2084;728;753;9692;
2075;728;752;10712;
2075;729;753;11724;
2084;729;753;12740;
2075;730;751;13756;
2070;728;752;14776;
2065;731;752;15796;
2065;729;751;16816;
2065;729;751;17836;
2065;728;752;18852;
2065;730;752;19868;
2075;729;753;20884;
2050;727;753;21900;
2045;728;752;22920;
2045;728;753;23936;
2031;729;751;24956;
2050;731;751;25968;
2065;731;752;26984;
2045;731;752;28004;
2050;729;752;29024;
2045;730;753;30040;
2045;732;753;31056;
2045;729;752;32072;
2045;729;753;33092;
2045;728;753;34108;
2036;731;752;35128;
2021;731;753;36140;
2021;731;752;37160;
2036;731;751;38172;
2026;732;752;39192;
2036;731;755;40212;
2036;730;754;41224;
2026;729;754;42244;
2021;729;753;43256;
2026;729;753;44276;
2026;731;752;45296;
2011;732;753;46308;
2011;728;753;47328;
1992;732;751;48348;
2026;732;752;49360;
2026;732;753;50380;
2026;732;753;51396;
2021;731;753;52412;
2021;732;752;53432;
2021;731;752;54452;
2026;729;753;55464;
2016;731;753;56480;
2011;732;752;57500;
2011;732;752;58512;
2021;732;752;59528;
2011;729;752;60548;
2021;732;752;61564;
2026;732;752;62584;
2021;731;752;63604;
2026;729;753;64620;
2016;731;753;104;
2016;732;752;1116;
2026;728;755;2136;
2006;731;753;3148;
2021;732;750;4168;
2006;731;752;5180;
2021;732;751;6200;
2026;732;751;7220;
2021;731;754;8240;
2016;731;753;9252;
2021;732;752;10276;
2021;731;752;11292;
2026;731;753;12316;
2026;731;752;13340;
2021;732;752;14364;
2026;732;752;15384;
2006;732;751;16408;
2006;731;751;17428;
2026;732;752;18448;
2021;732;751;19468;
2021;733;751;20488;
2021;731;753;21500;
2036;730;749;22520;
2036;731;753;23540;
2045;732;753;24552;
2041;730;753;25572;
2041;731;753;26592;
2045;729;752;27608;
2045;730;752;28628;
2036;731;754;29648;
2045;732;753;30668;
2050;729;753;31688;
2045;729;753;32708;
2045;730;753;33728;
2050;732;753;34744;
2045;732;753;35764;
2041;732;753;36784;
2045;732;753;37804;
2075;730;753;38824;
2060;732;752;39844;
2065;731;754;40864;
2055;732;752;41884;
2050;730;753;42900;
2065;732;752;43920;
2065;728;753;44940;
2065;732;752;45960;
2065;731;753;46980;
2065;732;753;48000;
2065;733;753;49016;
2084;732;752;50036;
2060;732;750;51056;
2065;731;752;52076;
2070;732;752;53096;
2089;732;752;54116;
2094;732;752;55136;
2099;732;751;56156;
2080;731;751;57176;
2099;732;752;58196;
2099;732;750;59216;
2104;730;752;60232;
2109;732;752;61252;
2114;732;752;62268;
2114;732;753;63288;
2124;732;752;64304;
2124;731;754;65324;
2138;732;755;808;
2148;729;753;1820;
2124;732;752;2832;
2124;732;752;3852;
2148;732;752;4872;
2153;732;753;5884;
2163;732;752;6900;
2153;731;753;7920;
2153;732;753;8940;
2153;732;752;9960;
2167;732;752;10980;
2167;732;752;12000;
2167;732;752;13016;
2177;731;752;14036;
2187;732;754;15056;
2187;732;754;16076;
2192;731;753;17092;
2192;728;752;18112;
2192;731;752;19132;
2202;729;752;20152;
2202;732;753;21168;
2216;729;753;22188;
2202;729;752;23204;
2221;728;754;24228;
2226;731;754;25248;
2221;731;754;26272;
2231;731;755;27292;
2221;732;752;28316;
2241;730;752;29336;
2241;732;752;30356;
2241;731;755;31376;
2255;731;754;32396;
2255;732;753;33416;
2260;732;751;34436;
2265;731;753;35456;
2260;732;752;36476;
2280;730;753;37496;
2265;731;753;38516;
2285;732;753;39536;
2280;729;753;40556;
2294;729;754;41576;
2294;731;752;42596;
2304;731;755;43616;
2299;731;753;44636;
2304;731;754;45656;
2309;729;753;46676;
2319;732;752;47696;
2329;730;754;48716;
2329;731;752;49736;
2329;731;753;50756;
2333;728;753;51776;
2333;731;754;52796;
2348;728;754;53816;
2348;731;753;54836;
2358;731;754;55856;
2343;729;752;56876;
2358;731;752;57896;
2358;728;752;58916;
2373;728;753;59936;
2373;731;751;60956;
2382;731;753;61980;
2382;729;752;63000;
2387;732;753;64020;
2397;732;753;65040;
2402;731;754;524;
2416;731;753;1536;
2421;731;753;2548;
2416;731;753;3560;
2421;731;751;4572;
2436;730;753;5592;
2436;731;752;6612;
2436;731;753;7632;
2441;729;752;8648;
2436;730;753;9668;
2451;728;753;10688;
2460;728;753;11704;
2460;729;754;12724;
2460;728;753;13736;
2480;731;753;14756;
2470;731;753;15772;
2480;730;752;16792;
2465;731;753;17812;
2460;729;751;18832;
2504;731;753;19844;
2500;729;752;20868;
2504;729;755;21888;
2504;729;754;22908;
2500;729;755;23928;
2514;731;752;24948;
2534;728;752;25960;
2534;728;753;26980;
2534;728;752;27996;
2553;729;753;29016;
2553;728;752;30036;
2539;727;752;31056;
2568;728;752;32076;
2563;726;754;33096;
2558;726;753;34112;
2573;726;753;35132;
2583;726;753;36148;
2592;724;752;37168;
2587;724;752;38188;
2607;726;754;39212;
2612;723;753;40224;
2612;726;754;41244;
2602;724;753;42264;
2622;723;753;43284;
2617;724;753;44308;
2617;723;754;45324;
2617;723;752;46344;
2631;726;755;47356;
2622;723;753;48376;
2636;724;752;49400;
2636;723;752;50416;
2651;723;752;51436;
2651;723;751;52456;
2656;723;752;53468;
2666;722;753;54488;
2675;723;752;55504;
2675;721;753;56524;
2675;721;752;57540;
2685;719;752;58560;
2700;720;753;59576;
2700;720;753;60596;
2700;719;754;61616;
2714;722;753;62636;
2724;720;753;63652;
2719;722;754;64672;
2714;721;752;152;
2734;721;753;1164;
2724;721;752;2184;
2739;720;752;3204;
2749;721;752;4216;
2749;719;753;5232;
2758;721;753;6252;
2768;717;754;7272;
2763;719;753;8288;
2763;719;753;9308;
2763;719;753;10320;
2778;719;752;11332;
2778;719;753;12352;
2792;719;752;13364;
2792;718;753;14384;
2788;719;753;15400;
2802;718;752;16420;
2802;718;753;17436;
2807;718;753;18456;
2802;719;752;19484;
2817;719;752;20508;
2807;719;753;21528;
2817;718;752;22556;
2807;718;753;23580;
2827;717;753;24604;
2841;713;753;25624;
2841;716;753;26652;
2841;715;755;27676;
2851;716;755;28700;
2846;716;755;29720;
2856;717;751;30744;
2841;716;752;31768;
2851;716;753;32792;
2871;713;753;33816;
2875;715;753;34844;
2875;716;754;35868;
2871;716;754;36892;
2885;716;753;37916;
2856;716;752;38940;
2871;716;753;39964;
2885;712;752;40984;
2895;713;753;42008;
2895;716;753;43036;
2895;713;754;44060;
2910;717;754;45084;
2900;716;754;46108;
2890;713;753;47132;
2910;716;753;48156;
2919;715;752;49180;
2924;711;754;50204;
2929;714;753;51228;
2929;715;753;52252;
2934;715;753;53276;
2939;715;752;54296;
2934;714;752;55320;
2929;714;753;56348;
2934;712;754;57372;
2949;713;753;58392;
2944;713;752;59420;
2949;713;753;60440;
2934;713;753;61468;
2958;713;751;62488;
2949;714;752;63512;
2929;713;753;64536;
2949;711;752;28;
2968;711;752;1044;
2968;713;753;2072;
2973;712;753;3100;
2973;711;753;4120;
2973;712;750;5136;
2968;711;752;6164;
2963;711;752;7192;
2968;711;751;8220;
2983;713;752;9244;
2983;711;753;10264;
2988;711;753;11292;
2983;713;753;12312;
2998;714;749;13340;
2983;713;752;14364;
2988;713;753;15388;
2983;710;753;16412;
3002;712;753;17432;
2998;711;755;18456;
3002;711;754;19484;
3002;713;753;20504;
2998;713;751;21532;
2988;713;752;22552;
2983;713;754;23580;
3002;712;753;24604;
3012;711;754;25628;
3002;711;753;26648;
3007;713;753;27676;
3012;714;750;28700;
3012;713;753;29724;
2983;713;753;30748;
3007;712;752;31772;
3007;713;754;32796;
3012;711;753;33820;
3007;712;753;34844;
3022;711;753;35864;
3012;713;755;36892;
3012;713;752;37916;
3007;712;752;38940;
3002;713;754;39964;
3012;711;754;40984;
3022;711;753;42012;
3022;711;755;43032;
3027;710;754;44056;
3027;713;753;45084;
3022;711;752;46108;
3017;712;752;47132;
3002;711;753;48156;
3027;710;754;49180;
3027;711;753;50204;
3022;710;752;51228;
3027;711;753;52248;
3022;712;754;53276;
3017;713;752;54300;
3002;713;754;55324;
3002;710;752;56348;
3007;713;752;57372;
3022;711;753;58396;
3007;709;752;59420;
3002;711;753;60440;
3022;712;753;61468;
2998;712;751;62492;
3002;712;752;63516;
2998;711;752;64540;
2988;712;752;24;
3022;710;754;1052;
3012;711;755;2076;
3002;710;753;3088;
3002;711;754;4108;
3012;710;753;5128;
3002;711;752;6156;
2998;711;753;7184;
2988;711;751;8208;
2983;712;755;9232;
2983;711;752;10256;
2998;711;752;11280;
2988;710;753;12308;
3002;712;753;13332;
3002;711;752;14356;
2983;713;752;15384;
3002;713;753;16408;
2988;708;753;17436;
2988;711;753;18460;
2988;711;753;19484;
2988;711;752;20504;
2973;714;753;21524;
2988;713;751;22552;
2949;711;751;23576;
2968;712;752;24600;
2983;713;752;25624;
2968;710;752;26648;
2968;708;752;27672;
2963;710;753;28692;
2973;711;753;29716;
2968;711;753;30740;
2944;711;752;31764;
2944;711;752;32792;
2954;713;752;33812;
2958;712;753;34836;
2949;711;753;35860;
2958;713;754;36884;
2954;712;753;37908;
2944;711;752;38932;
2929;711;752;39956;
2929;711;751;40984;
2929;712;752;42004;
2934;712;754;43028;
2929;710;752;44056;
2929;712;754;45076;
2919;711;753;46100;
2929;713;753;47124;
2910;713;752;48148;
2905;712;752;49172;
2919;713;754;50196;
2910;711;753;51220;
2900;710;754;52244;
2905;711;753;53272;
2895;713;753;54292;
2885;712;753;55320;
2871;713;751;56344;
2885;712;753;57368;
2885;712;753;58392;
2871;711;753;59408;
2885;711;754;60436;
2875;711;753;61460;
2871;713;753;62488;
2856;711;753;63512;
2856;713;752;64540;
2866;711;753;28;
2846;711;753;1052;
2846;711;754;2076;
2841;712;752;3100;
2841;712;752;4124;
2832;712;752;5140;
2832;713;752;6168;
2827;713;752;7196;
2832;711;755;8216;
2807;711;753;9240;
2827;711;753;10268;
2817;713;752;11292;
2807;712;752;12316;
2807;712;753;13340;
2783;711;752;14364;
2792;713;753;15388;
2802;711;755;16412;
2788;711;753;17436;
2792;711;753;18460;
2792;712;752;19484;
2773;713;752;20504;
2773;712;752;21528;
2758;713;752;22556;
2763;713;755;23580;
2763;711;753;24604;
2763;710;753;25628;
2749;711;753;26648;
2749;711;753;27672;
2729;710;753;28692;
2739;711;754;29712;
2734;711;753;30732;
2729;711;753;31756;
2709;712;752;32780;
2709;711;752;33804;
2690;712;752;34820;
2690;713;752;35836;
2709;713;752;36856;
2700;711;752;37876;
2700;712;751;38896;
2680;711;753;39916;
2685;711;753;40936;
2675;711;752;41956;
2670;711;754;42976;
2666;711;752;43996;
2661;711;752;45016;
2661;713;751;46032;
2651;710;754;47052;
2646;711;754;48072;
2651;711;754;49092;
2646;713;753;50112;
2631;711;753;51132;
2622;709;754;52152;
2622;708;754;53172;
2622;708;754;54192;
2622;711;753;55212;
2617;710;753;56232;
2597;711;754;57252;
2602;710;753;58272;
2592;711;753;59292;
2592;710;755;60312;
2592;711;753;61332;
2583;711;753;62352;
2568;710;753;63372;
2558;712;753;64392;
2563;711;752;65412;
2558;711;754;896;
2548;711;753;1908;
2534;713;755;2920;
2529;713;751;3932;
2539;711;752;4948;
2534;714;752;5968;
2529;711;751;6988;
2519;713;752;8008;
2529;713;755;9028;
2500;714;752;10048;
2500;712;753;11068;
2504;713;753;12088;
2500;712;753;13108;
2500;713;754;14128;
2490;712;754;15148;
2475;713;753;16168;
2485;713;754;17188;
2475;715;753;18208;
2475;713;754;19228;
2460;715;753;20248;
2460;714;753;21272;
2460;716;752;22292;
2436;716;752;23312;
2451;715;753;24332;
2431;715;753;25352;
2431;715;754;26372;
2412;716;751;27392;
2421;716;752;28412;
2421;715;753;29432;
2397;716;752;30452;
2392;716;752;31472;
2402;715;751;32492;
2397;717;752;33512;
2377;717;752;34532;
2377;718;752;35556;
2377;718;755;36576;
2353;716;751;37596;
2373;718;752;38616;
2358;718;752;39636;
2343;718;752;40656;
2358;719;752;41676;
2343;718;752;42696;
2324;719;749;43716;
2338;719;753;44736;
2338;719;752;45756;
2319;719;752;46776;
2324;719;752;47796;
2304;719;751;48820;
2304;719;752;49840;
2290;719;751;50860;
2294;720;753;51880;
2304;720;752;52900;
2280;720;752;53920;
2280;721;751;54940;
2260;721;751;55960;
2275;719;753;56984;
2270;723;752;58004;
2275;718;753;59020;
2246;720;753;60040;
2255;722;751;61060;
2246;721;752;62080;
2231;722;752;63100;
2241;722;751;64120;
2231;720;752;65140;
2226;723;752;624;
2221;723;751;1636;
2241;723;752;2648;
2236;723;754;3660;
2231;723;752;4676;
2221;723;755;5696;
2221;724;752;6716;
2216;723;753;7736;
2211;725;753;8756;
2207;723;754;9776;
2192;725;753;10796;
2187;723;754;11820;
2182;726;752;12840;
2187;721;754;13860;
2187;726;752;14880;
2187;725;754;15896;
2177;726;752;16916;
2177;726;753;17936;
2172;724;754;18956;
2167;726;752;19976;
2153;728;752;20996;
2163;726;752;22016;
2153;726;753;23036;
2153;728;752;24056;
2148;726;753;25076;
2148;728;752;26096;
2148;727;753;27116;
2124;727;752;28136;
2138;728;753;29156;
2124;728;752;30176;
2124;728;752;31196;
2114;728;752;32208;
2114;728;751;33224;
2124;728;751;34240;
2119;728;752;35260;
2124;729;752;36280;
2124;729;753;37296;
2114;728;755;38312;
2109;727;753;39328;
2109;728;753;40348;
2089;728;753;41364;
2089;728;752;42384;
2089;728;752;43396;
2099;729;753;44408;
2089;730;754;45424;
2099;729;754;46444;
2089;728;755;47460;
2080;728;753;48480;
2065;728;753;49500;
2065;728;753;50512;
2065;728;754;51532;
2065;728;753;52552;
2065;729;753;53572;
2065;729;753;54584;
2065;731;752;55596;
2065;731;752;56616;
2065;728;753;57628;
2065;729;754;58648;
2045;729;753;59664;
2036;728;753;60680;
2045;730;753;61700;
2050;731;752;62712;
2036;731;753;63732;
2026;731;751;64752;
2036;729;752;232;
2050;730;752;1244;
2060;728;753;2256;
2021;731;752;3268;
2026;731;752;4288;
2036;731;752;5304;
2045;731;752;6316;
2036;731;752;7336;
2045;731;752;8356;
2041;729;752;9376;
2041;730;753;10388;
2036;730;755;11408;
2021;731;753;12420;
2026;729;754;13440;
2021;731;751;14460;
2026;731;752;15472;
2016;731;752;16492;
2026;732;752;17512;
2026;732;752;18524;
2031;732;752;19540;
2021;728;753;20560;
2026;731;754;21576;
2011;728;753;22596;
2026;729;753;23616;
2006;730;753;24628;
2011;732;752;25648;
2016;732;753;26660;
2011;732;752;27680;
2021;732;752;28700;
2021;731;752;29720;
1997;731;752;30740;
2006;731;752;31760;
1997;731;753;32784;
2011;732;752;33808;
2021;732;753;34828;
2006;731;752;35848;
2021;731;755;36872;
2016;729;753;37888;
2011;729;753;38908;
2011;731;753;39928;
1997;730;754;40944;
2011;730;753;41964;
1997;732;753;42984;
2006;729;752;44000;
2011;732;751;45020;
2011;732;752;46040;
2011;732;753;47060;
2021;731;752;48080;
2016;732;752;49100;
2021;733;752;50120;
2016;732;752;51140;
2016;731;752;52160;
2021;732;751;53180;
2026;732;753;54200;
2021;732;752;55220;
2021;732;752;56240;
2021;732;752;57256;
2045;734;753;58276;
2036;732;753;59292;
2036;732;753;60312;
2045;732;753;61328;
2045;729;753;62348;
2036;730;754;63364;
2045;731;753;64384;
2045;730;753;65404;
2045;729;754;888;
2026;729;753;1900;
2026;732;750;2916;
2021;732;753;3928;
2050;731;753;4940;
2045;731;753;5960;
2055;729;753;6980;
2050;731;753;7996;
2050;731;753;9016;
2050;731;753;10032;
2075;728;752;11052;
2065;730;753;12072;
2075;728;753;13092;
2065;732;751;14112;
2065;732;753;15132;
2070;732;752;16152;
2065;731;753;17172;
2075;731;752;18192;
2075;731;755;19216;
2075;730;752;20236;
2099;731;753;21256;
2089;729;753;22272;
2099;731;753;23292;
2099;729;753;24312;
2104;729;753;25332;
2099;732;753;26352;
2109;729;753;27372;
2109;732;753;28392;
2109;732;753;29408;
2099;732;752;30424;
2109;732;751;31444;
2104;732;752;32464;
2109;732;750;33484;
2109;732;752;34500;
2124;734;752;35520;
2124;732;752;36540;
2128;733;752;37560;
2124;731;752;38580;
2124;732;752;39600;
2153;732;752;40616;
2153;732;753;41636;
2153;732;753;42652;
2163;732;751;43672;
2163;731;752;44692;
2167;732;751;45712;
2167;731;753;46732;
2172;733;752;47752;
2177;730;752;48772;
2182;732;755;49788;
2182;731;753;50808;
2187;731;753;51828;
2187;729;753;52848;
2202;731;754;53860;
2187;731;755;54880;
2187;731;753;55900;
2202;729;753;56920;
2202;732;755;57940;
2216;732;753;58960;
2221;732;753;59980;
2221;732;753;61000;
2221;732;755;62016;
2221;732;752;63036;
2221;730;754;64056;
2231;732;752;65076;
2221;732;753;560;
2241;732;751;1572;
2246;729;752;2584;
2255;730;751;3596;
2246;731;753;4608;
2231;732;753;5624;
2260;732;751;6644;
2255;731;754;7664;
2260;732;752;8684;
2265;732;751;9704;
2270;732;753;10724;
2270;731;749;11744;
2270;732;752;12764;
2290;731;751;13784;
2299;732;752;14804;
2309;732;752;15820;
2304;732;752;16840;
2319;732;752;17860;
2324;732;751;18876;
2324;729;752;19896;
2324;731;752;20908;
2333;732;752;21928;
2343;731;753;22948;
2343;729;753;23960;
2343;729;753;24976;
2348;732;752;25992;
2338;732;755;27012;
2358;732;751;28032;
2358;732;752;29048;
2363;732;752;30068;
2377;732;752;31088;
2377;732;751;32104;
2397;732;753;33124;
2397;731;752;34136;
2397;728;753;35156;
2397;729;753;36172;
2407;728;752;37188;
2421;732;755;38208;
2402;731;754;39220;
2412;730;751;40240;
2421;731;752;41256;
2426;731;752;42280;
2421;729;751;43300;
2451;731;751;44312;
2446;729;753;45332;
2460;731;753;46344;
2465;729;753;47364;
2460;729;753;48376;
2475;729;752;49396;
2460;728;753;50412;
2465;729;752;51432;
2475;729;753;52444;
2460;729;752;53464;
2490;729;754;54484;
2500;729;753;55496;
2504;728;753;56516;
2514;729;753;57532;
2519;728;755;58556;
2519;729;753;59576;
2534;728;753;60588;
2529;728;755;61608;
2534;726;754;62624;
2553;728;753;63644;
2534;727;753;64664;
2553;728;753;148;
2558;728;753;1168;
2558;727;752;2188;
2568;726;752;3208;
2558;728;752;4220;
2583;728;753;5232;
2573;728;754;6248;
2578;726;753;7268;
2583;726;752;8288;
2597;726;754;9308;
2607;726;753;10324;
2617;723;753;11344;
2617;725;753;12364;
2617;724;753;13380;
2631;723;754;14400;
2617;724;753;15420;
2631;720;752;16436;
2646;724;753;17456;
2617;723;753;18468;
2617;723;750;19488;
2617;723;750;20508;
2651;723;753;21524;
2651;723;752;22548;
2646;724;751;23568;
2661;723;753;24592;
2685;723;754;25616;
2690;722;753;26644;
2690;720;753;27668;
2700;721;753;28688;
2700;723;753;29712;
2705;721;753;30732;
2700;722;752;31760;
2709;721;752;32784;
2724;721;753;33808;
2719;721;753;34832;
2729;721;753;35860;
2734;721;753;36884;
2734;721;753;37908;
2739;720;753;38924;
2744;720;750;39952;
2749;721;752;40976;
2763;719;753;42000;
2753;716;753;43024;
2753;718;754;44048;
2773;719;753;45072;
2773;719;753;46100;
2763;719;751;47120;
2778;719;752;48140;
2768;719;752;49164;
2792;719;753;50192;
2802;716;753;51216;
2807;716;754;52240;
2792;717;753;53264;
2807;718;753;54292;
2807;719;751;55316;
2807;718;752;56340;
2817;718;753;57368;
2827;716;753;58392;
2832;717;753;59416;
2827;716;752;60440;
2832;716;752;61464;
2832;718;751;62492;
2846;717;753;63516;
2841;716;753;64536;
2846;715;752;28;
2856;714;752;1044;
2866;715;753;2072;
2866;716;753;3096;
2846;716;752;4124;
2875;716;753;5136;
2871;716;752;6160;
2871;716;752;7188;
2856;716;751;8204;
2885;716;753;9232;
2880;715;754;10252;
2895;715;753;11276;
2895;713;753;12304;
2905;714;753;13324;
2905;716;753;14348;
2905;716;753;15368;
2905;716;753;16384;
2910;715;755;17396;
2919;715;754;18416;
2924;712;753;19436;
2919;713;753;20456;
2929;711;753;21476;
2929;712;753;22496;
2934;713;752;23512;
2934;715;753;24532;
2929;713;753;25552;
2934;713;754;26572;
2949;715;754;27592;
2949;713;753;28616;
2949;711;754;29636;
2949;713;753;30656;
2954;712;753;31680;
2958;713;753;32700;
2963;711;753;33720;
2954;711;753;34740;
2968;711;753;35760;
2968;711;752;36780;
2968;713;753;37800;
2973;712;754;38820;
2973;711;753;39840;
2973;713;753;40860;
2983;716;753;41880;
2983;711;754;42900;
2983;711;754;43920;
2983;712;752;44936;
2983;711;753;45956;
2988;711;754;46976;
2988;713;753;47996;
2998;711;753;49016;
2998;713;753;50036;
2998;712;753;51056;
2988;711;754;52076;
2988;712;753;53096;
2998;711;753;54116;
3002;713;752;55136;
3002;711;753;56156;
3002;712;754;57176;
3012;712;753;58196;
3007;711;753;59216;
3012;712;753;60236;
3002;712;753;61256;
3012;713;753;62276;
3002;712;753;63296;
3002;711;754;64316;
3002;712;753;65336;
3022;711;753;820;
3002;711;753;1832;
3002;713;752;2844;
3012;713;753;3856;
3022;713;755;4868;
3022;711;752;5888;
3012;712;752;6908;
3027;711;753;7928;
3022;713;753;8948;
3022;710;753;9968;
3027;711;752;10988;
3027;711;753;12008;
3022;711;753;13028;
3012;711;752;14048;
3027;712;753;15068;
3012;711;753;16088;
3022;713;753;17108;
3012;710;753;18128;
3022;713;754;19148;
3022;713;754;20168;
3022;711;753;21184;
3012;713;753;22204;
3017;711;752;23228;
3027;711;753;24248;
3022;711;753;25268;
3022;711;754;26288;
3012;711;753;27308;
3022;713;753;28328;
3027;710;753;29348;
3027;713;753;30368;
3022;710;753;31388;
3002;711;752;32408;
3022;711;753;33428;
3012;711;753;34448;
3022;712;753;35468;
3002;711;752;36488;
3017;711;753;37508;
3002;711;753;38528;
3012;711;754;39548;
3002;713;754;40568;
3002;711;754;41588;
3012;711;753;42608;
3002;713;753;43628;
3002;711;753;44648;
3002;711;755;45668;
3002;712;753;46688;
3002;711;753;47708;
2993;711;753;48732;
2983;710;753;49752;
2983;712;754;50772;
2993;711;753;51792;
3002;711;753;52812;
2988;711;753;53832;
2988;710;753;54852;
2988;711;752;55872;
2973;710;753;56892;
2983;710;754;57912;
2983;711;754;58932;
2973;713;753;59952;
2983;711;753;60972;
2978;711;754;61992;
2968;710;754;63012;
2968;711;754;64032;
2963;711;753;65052;
2958;711;752;536;
2963;711;753;1548;
2949;713;753;2564;
2949;712;752;3576;
2963;711;753;4588;
2949;711;752;5608;
2944;711;752;6628;
2944;711;753;7648;
2944;711;752;8668;
2949;711;753;9688;
2944;711;752;10708;
2929;710;752;11728;
2929;713;753;12744;
2929;713;753;13764;
2929;713;753;14780;
2929;712;753;15800;
2929;711;753;16820;
2924;711;753;17840;
2924;711;752;18860;
2895;711;753;19872;
2885;711;752;20896;
2905;711;753;21912;
2885;710;752;22932;
2885;713;753;23952;
2885;712;753;24968;
2885;713;753;25988;
2885;712;752;27008;
2885;713;753;28028;
2875;711;752;29044;
2861;712;752;30064;
2871;712;751;31080;
2880;713;753;32100;
2871;713;753;33116;
2866;712;754;34136;
2866;715;753;35152;
2866;713;753;36172;
2856;713;753;37192;
2851;711;754;38212;
2846;711;753;39232;
2846;711;753;40252;
2832;711;755;41264;
2836;713;753;42284;
2807;711;752;43300;
2807;714;751;44320;
2807;712;751;45332;
2807;712;752;46352;
2802;712;752;47372;
2792;713;752;48392;
2792;711;752;49412;
2802;713;753;50424;
2802;713;752;51444;
2792;711;753;52464;
2792;712;753;53480;
2773;711;753;54500;
2778;713;753;55520;
2773;711;753;56540;
2773;713;754;57556;
2768;711;753;58576;
2749;711;754;59588;
2749;711;752;60608;
2739;713;752;61620;
2739;712;752;62640;
2744;713;752;63652;
2734;713;753;64672;
2739;713;755;152;
2734;713;754;1164;
2705;713;754;2184;
2714;713;754;3204;
2714;713;753;4224;
2705;712;753;5236;
2685;713;751;6256;
2709;713;750;7268;
2700;712;751;8292;
2675;712;753;9312;
2670;711;752;10332;
2666;711;752;11352;
2670;713;755;12372;
2675;712;751;13388;
2670;711;754;14408;
2670;711;753;15420;
2661;712;753;16440;
2661;711;753;17460;
2646;710;753;18472;
2641;713;753;19492;
2636;712;753;20508;
2626;711;753;21528;
2617;709;753;22556;
2631;711;753;23580;
2631;711;753;24600;
2612;711;753;25616;
2592;711;752;26640;
2592;711;754;27668;
2592;711;752;28688;
2583;713;752;29712;
2583;712;750;30736;
2578;713;753;31760;
2573;713;752;32780;
2568;711;753;33808;
2558;711;753;34832;
2568;711;752;35860;
2543;713;752;36888;
2539;713;752;37908;
2543;713;755;38936;
2534;712;753;39960;
2534;712;754;40988;
2534;715;753;42012;
2519;712;752;43036;
2514;713;754;44060;
2504;711;752;45084;
2500;711;753;46104;
2500;711;753;47132;
2504;710;753;48156;
2490;713;753;49180;
2495;713;753;50200;
2495;714;751;51224;
2470;713;752;52248;
2460;713;752;53276;
2460;712;754;54300;
2465;712;753;55324;
2465;713;753;56348;
2451;715;751;57372;
2451;715;752;58396;
2421;713;751;59420;
2416;715;753;60444;
2426;715;753;61468;
2436;712;753;62492;
2421;715;755;63512;
2416;711;755;64536;
2412;715;753;28;
2412;715;753;1044;
2412;716;752;2072;
2377;716;752;3096;
2377;716;752;4120;
2377;716;754;5136;
2377;716;754;6164;
2387;716;753;7188;
2373;716;753;8216;
2373;718;752;9244;
2363;718;751;10268;
2343;718;752;11292;
2348;717;753;12316;
2343;719;753;13336;
2343;717;755;14364;
2338;716;754;15384;
2329;718;753;16412;
2329;719;752;17436;
2309;719;754;18456;
2304;719;753;19484;
2314;719;754;20508;
2304;721;753;21532;
2304;719;754;22552;
2309;719;753;23580;
2304;719;753;24604;
2299;721;751;25628;
2280;720;752;26652;
2270;720;752;27672;
2280;719;753;28696;
2265;719;754;29724;
2280;720;754;30748;
2260;721;753;31768;
2265;722;755;32796;
2246;723;752;33820;
2246;723;753;34844;
2226;723;752;35860;
2241;723;752;36884;
2226;723;752;37904;
2231;724;751;38924;
2221;724;752;39944;
2216;724;751;40968;
2216;724;752;41988;
2211;726;751;43000;
2221;724;750;44020;
2202;725;752;45040;
2216;724;753;46060;
2211;724;753;47072;
2202;723;755;48092;
2192;724;752;49112;
2202;723;753;50132;
2192;726;752;51148;
2187;724;753;52168;
2167;726;754;53188;
2182;724;754;54208;
2182;726;753;55228;
2167;726;753;56248;
2148;724;753;57268;
2158;725;753;58288;
2163;726;752;59308;
2148;725;752;60328;
2148;726;753;61348;
2153;726;755;62368;
2148;727;753;63388;
2143;728;753;64408;
2143;727;753;65428;
2143;724;755;908;
2138;727;753;1920;
2124;728;752;2932;
2119;725;755;3944;
2124;727;755;4956;
2099;728;752;5968;
2099;728;753;6992;
2089;729;752;8008;
2084;728;753;9032;
2099;731;752;10052;
2099;729;753;11072;
2089;729;752;12092;
2084;729;754;13108;
2065;729;752;14128;
2070;731;753;15148;
2065;729;749;16168;
2065;728;752;17184;
2065;729;752;18204;
2075;731;752;19220;
2089;731;753;20240;
2084;731;752;21260;
2075;729;753;22280;
2065;730;752;23296;
2075;729;753;24316;
2075;730;754;25332;
2070;728;754;26352;
2065;729;752;27372;
2065;728;753;28392;
2060;728;754;29412;
2050;729;753;30432;
2065;729;753;31452;
2065;729;754;32472;
2045;729;753;33488;
2055;729;753;34512;
2045;728;753;35528;
2045;728;752;36548;
2055;730;753;37568;
2050;730;754;38588;
2036;729;755;39608;
2045;729;754;40628;
2045;728;754;41648;
2045;729;753;42668;
2045;728;753;43688;
2031;730;753;44708;
2036;731;753;45732;
2036;728;754;46752;
2036;729;754;47772;
2026;731;753;48792;
2036;729;752;49812;
2026;728;754;50832;
2021;728;753;51852;
2031;728;753;52872;
2021;728;754;53892;
2026;728;754;54912;
2026;728;752;55932;
2026;729;753;56952;
2026;731;753;57972;
2026;729;754;58992;
2026;732;754;60012;
2026;731;753;61028;
2011;732;752;62048;
2016;732;753;63068;
2016;731;753;64088;
2026;732;753;65108;
2026;732;754;592;
2006;732;752;1604;
2011;734;752;2616;
2011;734;752;3628;
2026;733;754;4640;
2011;732;753;5652;
2001;732;752;6672;
2006;732;752;7692;
2001;734;752;8712;
2011;734;753;9732;
2011;732;752;10752;
2021;733;752;11772;
2021;732;753;12792;
2016;732;752;13812;
2016;732;753;14832;
2011;734;752;15852;
2006;731;753;16872;
2021;734;753;17892;
2011;734;754;18912;
2011;733;753;19932;
2021;731;752;20952;
2016;732;752;21972;
2011;733;755;22988;
2011;734;752;24008;
2026;734;752;25028;
2026;734;753;26048;
2016;732;752;27064;
2021;732;752;28084;
2016;732;751;29104;
2026;734;753;30116;
2045;734;752;31136;
2041;734;752;32156;
2036;732;753;33176;
2041;732;753;34188;
2036;732;753;35208;
2045;732;754;36228;
2031;732;754;37240;
2041;733;752;38260;
2045;734;752;39272;
2036;734;753;40292;
2045;734;752;41312;
2045;734;752;42332;
2065;733;753;43348;
2065;734;753;44364;
2065;732;754;45380;
2065;732;753;46400;
2065;732;753;47416;
2060;732;753;48432;
2050;731;753;49452;
2080;732;754;50472;
2065;732;753;51492;
2065;732;753;52512;
2060;733;753;53524;
2084;734;753;54544;
2070;732;752;55560;
2084;733;751;56576;
2089;733;751;57592;
2089;734;752;58612;
2099;733;752;59632;
2099;734;753;60648;
2099;732;754;61672;
2104;734;753;62688;
2099;732;753;63708;
2099;732;755;64720;
2104;731;753;200;
2109;733;754;1212;
2114;734;752;2232;
2124;735;752;3252;
2124;734;752;4272;
2114;732;752;5284;
2133;734;752;6304;
2124;732;752;7324;
2128;733;752;8344;
2138;734;752;9364;
2148;734;752;10384;
2148;731;753;11404;
2148;731;753;12416;
2148;733;754;13428;
2148;734;753;14444;
2148;734;754;15464;
2148;732;754;16484;
2167;733;752;17500;
2163;733;752;18520;
2163;733;752;19540;
2187;732;753;20556;
2187;734;753;21568;
2187;734;753;22584;
2192;733;753;23596;
2187;732;753;24616;
2197;734;753;25636;
2202;734;752;26648;
2207;734;753;27676;
2202;735;753;28696;
2202;734;752;29716;
2221;733;752;30736;
2221;734;752;31760;
2221;732;753;32780;
2216;734;753;33796;
2221;734;752;34812;
2221;732;755;35832;
2221;734;753;36852;
2236;734;753;37872;
2255;734;752;38892;
2255;732;751;39908;
2260;734;752;40928;
2270;732;753;41948;
2265;734;752;42968;
2260;734;751;43988;
2265;732;752;45008;
2280;733;753;46028;
2285;732;755;47048;
2280;734;752;48068;
2294;732;753;49088;
2304;732;753;50108;
2294;732;753;51128;
2304;732;753;52148;
2309;732;753;53168;
2319;732;752;54188;
2324;732;753;55208;
2338;733;752;56228;
2338;732;753;57248;
2319;732;752;58268;
2324;732;751;59288;
2358;732;752;60308;
2348;733;753;61328;
2348;732;752;62348;
2353;732;751;63368;
2363;732;752;64388;
2358;734;753;65412;
2363;732;753;896;
2358;732;753;1916;
2387;732;751;2928;
2382;732;753;3940;
2397;729;753;4952;
2402;731;753;5972;
2412;731;753;6992;
2416;732;753;8012;
2421;732;752;9036;
2426;732;752;10056;
2431;729;752;11076;
2436;728;753;12096;
2436;728;752;13116;
2441;729;753;14140;
2451;728;753;15160;
2460;728;752;16180;
2456;727;752;17200;
2460;728;753;18220;
2470;729;755;19240;
2480;728;753;20260;
2480;728;753;21280;
2490;728;753;22300;
2490;728;753;23320;
2490;728;753;24340;
2504;729;752;25364;
2500;728;752;26384;
2514;730;753;27404;
2514;729;753;28424;
2514;728;752;29444;
2514;729;754;30464;
2534;731;754;31484;
2529;731;755;32504;
2539;728;753;33524;
2539;728;753;34544;
2543;728;752;35560;
2563;727;753;36584;
2558;728;753;37604;
2568;727;753;38624;
2573;726;753;39644;
2583;727;754;40664;
2583;727;753;41684;
2587;728;753;42704;
2592;726;752;43724;
2607;726;753;44744;
2592;726;754;45764;
2617;727;754;46784;
2617;724;753;47804;
2617;726;752;48824;
2622;723;754;49844;
2626;723;753;50864;
2636;724;753;51884;
2631;726;753;52904;
2641;724;752;53924;
2646;724;753;54944;
2651;723;753;55964;
2651;723;752;56984;
2661;723;753;58004;
2670;721;755;59024;
2680;722;753;60044;
2685;721;753;61064;
2685;722;752;62084;
2690;723;753;63104;
2690;722;753;64124;
2690;722;753;65144;
2700;719;753;628;
2709;719;753;1640;
2709;719;753;2652;
2690;721;752;3664;
2714;719;752;4676;
2724;718;755;5688;
2724;719;753;6708;
2734;719;753;7728;
2734;719;753;8748;
2749;718;753;9764;
2739;720;754;10784;
2758;718;753;11808;
2758;719;753;12828;
2768;718;755;13848;
2773;719;754;14868;
2773;718;753;15888;
2773;719;755;16912;
2778;719;755;17932;
2792;716;753;18952;
2788;716;753;19972;
2792;716;753;20992;
2797;717;752;22012;
2802;717;755;23032;
2807;719;753;24056;
2807;718;752;25076;
2822;718;754;26096;
2827;718;755;27116;
2827;718;753;28136;
2827;716;753;29156;
2827;718;753;30176;
2836;716;753;31196;
2832;716;753;32216;
2846;715;753;33236;
2841;719;753;34252;
2846;715;754;35272;
2856;716;753;36288;
2851;716;753;37308;
2856;716;754;38328;
2871;714;753;39348;
2875;714;753;40364;
2871;717;755;41384;
2856;716;753;42400;
2871;716;752;43420;
2866;716;752;44436;
2875;717;752;45456;
2875;717;754;46476;
2880;716;753;47496;
2885;716;751;48516;
2885;716;754;49536;
2895;716;754;50556;
2895;716;751;51576;
2915;715;752;52588;
2924;716;753;53612;
2919;716;752;54624;
2919;713;753;55644;
2929;715;753;56660;
2919;713;753;57680;
2929;713;753;58696;
2929;713;754;59716;
2929;715;753;60732;
2944;715;753;61752;
2929;715;754;62768;
2929;715;753;63792;
2934;713;753;64804;
2929;714;751;288;
2949;713;752;1304;
2949;714;752;2324;
2949;713;752;3344;
2958;715;752;4364;
2968;713;754;5376;
2968;715;753;6392;
2963;712;753;7412;
2968;712;753;8432;
2973;711;753;9452;
2978;711;753;10472;
2978;711;754;11492;
2983;711;753;12508;
2983;711;752;13528;
2983;711;753;14544;
2993;710;754;15564;
2993;712;753;16584;
2983;711;753;17604;
2988;713;752;18624;
2988;711;754;19640;
2983;712;752;20660;
2983;712;753;21676;
2983;713;752;22696;
2993;712;752;23712;
2978;712;752;24732;
3002;712;752;25752;
2998;712;752;26772;
3002;713;751;27792;
2988;713;752;28812;
3012;712;753;29832;
3012;713;753;30852;
3002;713;751;31864;
3002;711;753;32884;
3017;713;753;33900;
3012;711;753;34920;
3022;711;753;35940;
3022;711;753;36960;
3022;711;753;37972;
2998;713;753;38988;
3007;715;752;40008;
3002;712;753;41024;
2998;714;752;42044;
3012;711;753;43064;
3012;712;752;44084;
3002;712;752;45100;
3027;713;751;46120;
3022;712;752;47140;
3002;713;753;48160;
3022;711;752;49180;
3017;713;752;50204;
3002;712;753;51228;
3012;711;753;52248;
3027;710;753;53276;
3012;712;753;54300;
3017;711;753;55320;
3027;712;753;56344;
3027;712;752;57372;
3012;711;750;58392;
3002;712;753;59420;
3041;711;754;60444;
3027;710;753;61464;
3027;711;753;62488;
3022;713;753;63516;
3027;712;753;64536;
3027;711;753;24;
3002;711;752;1048;
2998;713;753;2076;
3027;711;753;3100;
3027;712;753;4124;
3022;711;753;5140;
3012;711;753;6164;
3022;711;754;7188;
3012;711;753;8212;
3007;712;753;9240;
2988;713;751;10264;
3002;712;752;11288;
3007;711;753;12316;
3002;711;752;13340;
3012;713;753;14364;
3002;711;752;15388;
3002;712;752;16412;
3002;712;753;17432;
2988;712;752;18456;
3002;712;753;19484;
2988;708;753;20508;
3002;711;753;21532;
2998;712;752;22556;
2998;713;752;23576;
2988;711;750;24604;
2968;712;752;25628;
2978;711;753;26652;
2983;711;753;27676;
2988;712;753;28700;
2973;711;753;29724;
2983;710;753;30744;
2973;712;753;31772;
2983;711;753;32792;
2968;712;752;33820;
2973;713;753;34844;
2973;712;753;35868;
2968;711;754;36892;
2963;710;753;37912;
2963;712;753;38940;
2963;713;753;39964;
2958;713;752;40984;
2944;711;752;42012;
2944;713;753;43036;
2944;712;752;44056;
2949;711;753;45084;
2944;711;753;46108;
2944;711;753;47128;
2944;711;753;48152;
2929;710;752;49172;
2919;711;753;50192;
2919;712;753;51216;
2929;712;753;52236;
2929;711;753;53260;
2915;711;753;54280;
2905;713;752;55304;
2895;712;753;56328;
2905;712;753;57352;
2900;710;753;58376;
2905;711;753;59404;
2900;713;753;60428;
2885;712;752;61452;
2880;713;752;62476;
2885;711;754;63504;
2885;711;753;64528;
2885;711;753;12;
2871;710;752;1032;
2875;711;754;2056;
2871;711;753;3080;
2851;711;752;4108;
2846;713;755;5124;
2846;712;752;6152;
2846;712;753;7180;
2846;711;755;8204;
2851;711;753;9228;
2846;711;753;10252;
2846;712;753;11276;
2827;713;752;12300;
2817;712;751;13324;
2832;713;753;14352;
2822;711;753;15372;
2817;710;753;16400;
2817;711;753;17424;
2807;711;753;18444;
2802;713;752;19472;
2778;712;751;20496;
2792;712;752;21520;
2797;711;752;22548;
2783;712;752;23572;
2778;711;752;24600;
2778;713;753;25624;
2773;713;753;26652;
2768;711;753;27676;
2768;708;753;28700;
2773;711;754;29720;
2753;711;753;30740;
2758;710;753;31764;
2739;711;753;32788;
2749;711;753;33808;
2734;711;752;34832;
2714;712;752;35856;
2714;712;751;36876;
2700;711;751;37896;
2700;711;753;38920;
2680;712;752;39940;
2690;712;752;40964;
2700;714;752;41980;
2675;712;751;43000;
2690;713;752;44016;
2680;711;753;45036;
2670;711;751;46056;
2670;712;751;47072;
2670;712;750;48092;
2670;713;753;49112;
2666;711;753;50132;
2670;713;752;51148;
2651;711;753;52168;
2641;711;753;53188;
2646;711;752;54208;
2651;711;754;55228;
2636;711;752;56248;
2626;711;752;57268;
2631;711;753;58288;
2622;711;753;59308;
2617;711;752;60328;
2617;711;755;61348;
2617;713;753;62368;
2607;711;753;63388;
2597;711;753;64408;
2597;711;753;65428;
2592;713;752;912;
2583;711;752;1928;
2573;711;753;2940;
2558;711;753;3952;
2553;713;753;4968;
2543;713;752;5988;
2543;713;752;7008;
2543;713;751;8024;
2539;711;753;9044;
2529;713;752;10064;
2534;713;752;11084;
2534;711;753;12104;
2534;711;754;13124;
2514;713;752;14144;
2514;711;754;15164;
2504;712;753;16184;
2500;713;752;17204;
2504;711;753;18224;
2500;711;753;19244;
2480;712;752;20268;
2480;715;752;21288;
2475;713;752;22308;
2465;713;751;23328;
2465;714;752;24348;
2460;715;753;25368;
2441;713;752;26388;
2441;715;752;27408;
2441;713;752;28428;
2436;715;751;29448;
2436;715;750;30468;
2436;716;752;31488;
2426;715;752;32508;
2421;716;753;33528;
2416;716;752;34548;
2402;716;752;35572;
2387;715;750;36592;
2392;716;752;37612;
2387;716;751;38632;
2377;715;752;39652;
2392;716;755;40676;
2368;716;752;41696;
2377;716;752;42716;
2358;717;752;43736;
2353;716;753;44756;
2358;717;752;45776;
2363;718;753;46796;
2343;716;752;47816;
2343;717;752;48836;
2333;716;752;49856;
2338;718;753;50876;
2333;718;753;51896;
2324;718;752;52916;
2324;719;753;53936;
2319;719;754;54956;
2304;719;752;55980;
2319;718;753;57004;
2309;718;753;58024;
2309;719;753;59044;
2304;719;753;60064;
2294;718;753;61076;
2285;720;752;62088;
2280;721;752;63112;
2275;719;755;64132;
2280;721;752;65152;
2250;721;751;636;
2260;722;752;1652;
2260;722;752;2664;
2260;719;753;3676;
2246;723;752;4688;
2246;723;751;5700;
2246;723;752;6720;
2241;723;752;7744;
2221;719;752;8768;
2221;723;753;9788;
2211;723;752;10808;
2221;723;754;11828;
2207;724;752;12848;
2216;723;755;13868;
2192;723;753;14888;
2192;723;753;15908;
2192;725;752;16928;
2187;727;752;17948;
2187;723;753;18968;
2177;724;752;19988;
2167;723;752;21008;
2172;726;752;22028;
2172;727;752;23048;
2158;726;753;24064;
2153;727;751;25084;
2163;728;753;26100;
2148;726;752;27120;
2163;728;752;28140;
2148;728;753;29160;
2148;727;752;30180;
2138;728;753;31200;
2148;728;752;32220;
2138;728;753;33244;
2128;728;752;34264;
2124;728;755;35284;
2128;728;752;36304;
2124;728;752;37316;
2138;728;751;38336;
2133;728;752;39356;
2124;729;750;40376;
2124;728;753;41392;
2124;728;751;42408;
2109;728;755;43424;
2114;728;753;44444;
2114;728;753;45464;
2089;724;754;46480;
2094;728;752;47500;
2089;729;753;48512;
2089;728;753;49528;
2070;729;752;50544;
2089;728;748;51564;
2084;728;750;52584;
2080;729;752;53604;
2089;731;752;54620;
2075;728;752;55640;
2084;728;752;56660;
2075;728;753;57672;
2075;729;755;58692;
2065;727;753;59712;
2065;728;754;60732;
2065;728;753;61752;
2065;728;754;62764;
2050;728;753;63784;
2060;730;752;64804;
2041;731;753;280;
2065;731;753;1296;
2065;729;753;2308;
2060;729;754;3328;
2060;731;753;4348;
2050;729;754;5360;
2036;729;753;6372;
2026;729;752;7392;
2026;728;755;8412;
2026;729;751;9432;
2026;731;752;10448;
2036;731;751;11464;
2026;732;752;12488;
2021;732;752;13508;
2036;732;752;14528;
2031;731;752;15540;
2041;731;753;16560;
2026;731;754;17572;
2026;731;754;18592;
2021;729;753;19608;
2026;729;753;20628;
2021;732;753;21648;
2006;732;752;22660;
2011;732;753;23680;
2001;729;753;24700;
2011;732;751;25720;
2021;732;753;26736;
2021;732;752;27756;
2011;732;752;28776;
2006;732;752;29796;
2026;732;752;30812;
2011;732;751;31832;
2026;732;751;32852;
2006;732;752;33872;
2021;731;753;34892;
2026;732;753;35904;
2026;732;753;36924;
2021;731;753;37940;
2026;729;754;38960;
2016;731;753;39972;
1997;732;751;40992;
1997;732;752;42008;
2011;732;753;43024;
2011;732;752;44044;
2021;732;752;45064;
2016;732;752;46088;
2011;732;753;47112;
2011;731;752;48132;
2026;732;753;49152;
2006;731;753;50168;
2011;732;751;51188;
2016;732;752;52200;
2026;729;753;53220;
2021;732;752;54236;
2026;732;751;55256;
2026;731;752;56276;
2031;732;753;57292;
2026;731;753;58312;
2031;729;753;59332;
2026;730;753;60352;
2026;729;752;61372;
2026;729;753;62392;
2026;731;753;63412;
2036;728;753;64432;
2036;728;753;65452;
2045;732;752;936;
2045;729;754;1948;
2016;732;753;2960;
2036;731;753;3972;
2045;729;753;4984;
2045;731;754;5996;
2031;732;753;7016;
2036;731;753;8036;
2036;732;752;9056;
2050;728;754;10076;
2041;732;754;11096;
2060;732;753;12116;
2045;732;752;13136;
2065;731;755;14156;
2060;732;753;15180;
2065;731;755;16196;
2070;732;753;17220;
2065;732;753;18236;
2060;731;752;19256;
2070;729;753;20276;
2065;731;752;21296;
2065;731;753;22316;
2065;732;752;23336;
2075;731;755;24356;
2084;732;753;25376;
2075;730;753;26396;
2089;729;753;27416;
2089;729;752;28436;
2104;728;753;29456;
2099;732;753;30476;
2099;730;753;31496;
2104;728;753;32516;
2114;730;753;33540;
2114;732;753;34556;
2114;730;754;35576;
2114;732;753;36596;
2114;730;753;37612;
2099;732;752;38632;
2109;732;753;39648;
2099;732;750;40668;
2124;733;752;41688;
2119;732;752;42708;
2124;733;753;43728;
2124;732;752;44744;
2124;732;752;45764;
2148;732;753;46780;
2153;730;753;47800;
2153;732;753;48820;
2153;731;752;49840;
2153;732;753;50860;
2163;731;751;51880;
2167;732;754;52900;
2172;731;753;53920;
2187;732;753;54940;
2187;734;754;55960;
2177;732;752;56980;
2177;730;753;58000;
2187;732;752;59016;
2202;731;753;60040;
2202;731;752;61060;
2211;732;754;62080;
2202;731;753;63100;
2216;732;752;64120;
2221;732;752;65140;
2207;729;752;624;
2221;730;754;1640;
2226;733;752;2652;
2221;732;753;3664;
2221;733;752;4676;
2231;732;754;5688;
2246;731;753;6708;
2246;729;752;7728;
2246;732;752;8744;
2260;728;753;9764;
2260;731;753;10780;
2260;731;753;11800;
2260;731;754;12816;
2280;732;753;13836;
2265;732;752;14856;
2290;728;753;15876;
2280;732;753;16896;
2294;732;753;17916;
2294;732;752;18936;
2285;729;753;19952;
2280;732;751;20976;
2304;730;754;21992;
2294;731;752;23012;
2304;732;750;24032;
2299;731;753;25052;
2304;732;751;26072;
2324;732;752;27084;
2338;732;751;28104;
2338;732;751;29120;
2343;732;752;30136;
2353;729;753;31156;
2358;729;754;32168;
2363;729;752;33188;
2373;732;753;34208;
2373;731;753;35220;
2353;729;752;36240;
2348;731;753;37260;
2377;731;753;38280;
2387;731;752;39300;
2377;731;754;40320;
2387;731;750;41340;
2402;731;755;42356;
2377;729;753;43376;
2387;731;753;44396;
2407;731;753;45416;
2436;732;751;46432;
2426;731;753;47452;
2436;732;752;48468;
2451;731;753;49488;
2451;731;755;50504;
2446;729;752;51524;
2456;729;752;52544;
2451;730;752;53568;
2460;730;753;54588;
2475;730;753;55604;
2465;728;753;56624;
2480;730;753;57640;
2475;728;752;58660;
2490;728;752;59680;
2495;728;753;60700;
2495;728;752;61716;
2500;729;753;62736;
2495;729;753;63748;
2509;728;752;64768;
2514;729;753;252;
2514;728;753;1268;
2514;728;752;2288;
2514;728;752;3312;
2524;726;754;4332;
2539;729;751;5344;
2558;728;751;6360;
2563;728;753;7380;
2573;728;753;8396;
2573;726;753;9416;
2573;727;753;10428;
2573;725;753;11452;
2573;726;752;12472;
2592;725;752;13492;
2607;726;754;14508;
2602;723;753;15528;
2602;723;753;16544;
2592;724;753;17560;
2612;726;752;18580;
2597;724;752;19600;
2617;726;752;20620;
2617;726;753;21636;
2617;723;752;22656;
2631;726;751;23680;
2636;724;753;24696;
2617;723;753;25716;
2636;723;750;26736;
2661;724;752;27752;
2670;723;753;28772;
2670;723;752;29788;
2670;723;751;30808;
2685;722;753;31828;
2690;723;753;32844;
2690;719;753;33864;
2700;720;753;34880;
2690;721;753;35896;
2705;720;755;36916;
2714;719;753;37932;
2709;721;753;38952;
2714;719;753;39968;
2709;721;752;40988;
2724;721;752;42012;
2734;719;752;43032;
2739;718;753;44056;
2744;719;755;45084;
2749;721;753;46108;
2753;719;753;47132;
2744;721;752;48152;
2734;721;754;49180;
2768;717;753;50204;
2778;717;754;51228;
2773;719;753;52248;
2778;719;753;53276;
2773;718;751;54300;
2792;719;751;55324;
2778;719;753;56344;
2778;719;753;57372;
2807;719;755;58396;
2807;719;754;59420;
2802;718;754;60440;
2807;718;754;61464;
2817;718;752;62488;
2812;719;752;63512;
2817;719;752;64540;
2807;717;752;28;
2827;718;753;1048;
2846;716;753;2076;
2846;715;753;3100;
2841;715;753;4120;
2846;715;753;5136;
2856;716;753;6160;
2856;716;753;7184;
2866;713;753;8200;
2871;716;753;9224;
2871;716;753;10248;
2871;715;753;11260;
2856;715;753;12280;
2880;714;752;13300;
2885;716;753;14320;
2880;716;751;15340;
2885;713;753;16360;
2895;714;754;17380;
2905;715;754;18400;
2890;715;752;19420;
2885;712;753;20440;
2910;713;753;21456;
2905;715;753;22476;
2895;715;752;23496;
2905;711;752;24516;
2919;713;753;25536;
2929;715;753;26556;
2915;713;752;27576;
2910;712;752;28596;
2929;715;754;29616;
2929;713;753;30640;
2929;713;754;31660;
2934;713;753;32680;
2939;711;753;33700;
2949;711;753;34720;
2958;712;752;35740;
2954;711;755;36760;
2949;711;752;37780;
2963;712;753;38800;
2949;711;753;39820;
2963;713;753;40840;
2958;713;755;41860;
2963;715;753;42880;
2958;711;753;43900;
2958;712;752;44920;
2973;713;753;45940;
2978;713;753;46960;
2968;713;753;47980;
2978;711;753;49000;
2978;713;753;50020;
2988;715;753;51040;
2988;713;753;52060;
2973;713;753;53080;
2993;711;753;54100;
2983;713;753;55120;
2983;713;753;56140;
2998;712;753;57160;
3002;713;754;58180;
3002;712;753;59200;
2988;711;752;60220;
2998;713;754;61240;
3002;711;755;62260;
3002;713;753;63280;
3002;711;752;64300;
2993;711;752;65320;
3002;713;753;804;
3002;711;753;1816;
2998;713;752;2832;
3002;713;753;3844;
3002;711;753;4856;
3012;716;753;5872;
3022;712;753;6892;
3002;711;753;7912;
3002;710;753;8932;
3022;713;753;9956;
3022;711;753;10976;
3027;711;753;11996;
3012;711;754;13016;
3027;711;753;14036;
3002;710;752;15056;
3012;711;754;16076;
3002;710;752;17096;
3012;711;754;18116;
3027;711;753;19136;
3022;711;754;20156;
3027;711;753;21176;
3027;710;753;22196;
3022;712;754;23216;
3027;711;755;24236;
3012;711;753;25256;
3007;711;753;26276;
3012;711;754;27296;
3007;710;753;28316;
3002;710;753;29336;
3017;710;753;30356;
3007;711;753;31376;
3002;710;752;32396;
3002;711;753;33416;
3022;711;755;34436;
3027;711;753;35456;
3022;711;753;36476;
3022;710;753;37496;
3012;711;753;38516;
3002;711;752;39536;
3002;711;752;40556;
3002;711;753;41576;
3007;711;754;42596;
3017;711;754;43620;
3012;713;753;44640;
3012;713;753;45660;
3012;713;752;46680;
3012;713;752;47700;
3002;713;752;48720;
3002;714;752;49732;
2988;710;752;50744;
2988;711;752;51756;
2998;712;752;52776;
2988;711;752;53796;
2983;712;752;54816;
2983;713;752;55836;
2968;713;755;56856;
2983;713;752;57876;
2983;713;752;58896;
2973;713;752;59916;
2968;711;751;60936;
2973;711;752;61956;
2963;711;751;62976;
2973;711;751;63996;
2968;711;751;65016;
2968;712;752;500;
2973;711;752;1512;
2968;711;752;2524;
2978;713;752;3540;
2973;712;752;4560;
2949;711;753;5572;
2958;711;753;6592;
2949;712;753;7612;
2929;711;753;8632;
2949;711;753;9652;
2949;711;752;10672;
2944;712;752;11684;
2944;712;753;12704;
2949;713;753;13716;
2934;711;753;14736;
2949;713;753;15752;
2934;711;753;16772;
2934;711;753;17788;
2924;711;752;18804;
2944;713;754;19824;
2915;712;754;20840;
2905;713;752;21860;
2905;711;752;22876;
2905;711;752;23892;
2919;713;751;24912;
2890;712;751;25932;
2900;712;752;26952;
2905;712;752;27968;
2895;713;752;28988;
2905;713;753;30004;
2900;712;753;31024;
2895;713;754;32040;
2885;710;755;33060;
2885;711;752;34076;
2885;712;753;35096;
2866;711;753;36112;
2866;713;752;37132;
2856;712;753;38148;
2846;711;751;39168;
2856;712;752;40184;
2846;712;752;41204;
2841;711;752;42220;
2856;713;752;43240;
2832;713;752;44256;
2841;713;754;45276;
2846;712;753;46292;
2841;711;753;47312;
2827;712;750;48332;
2832;713;753;49352;
2817;711;753;50364;
2817;713;753;51384;
2797;713;755;52396;
2797;712;752;53416;
2802;712;752;54432;
2802;712;752;55452;
2792;711;751;56468;
2788;711;751;57484;
2783;712;753;58504;
2792;712;752;59524;
2773;712;752;60544;
2773;712;752;61564;
2768;712;751;62580;
2768;713;754;63600;
2773;715;754;64616;
2753;709;753;100;
2749;709;752;1120;
2763;711;753;2140;
2753;711;753;3160;
2744;711;753;4180;
2734;712;753;5196;
2714;713;752;6208;
2700;711;753;7228;
2700;711;752;8248;
2695;710;752;9268;
2700;713;754;10288;
2685;713;755;11300;
2690;712;752;12320;
2695;713;753;13340;
2690;713;754;14360;
2675;712;752;15384;
2670;713;751;16408;
2651;713;751;17428;
2670;712;752;18452;
2670;711;753;19472;
2666;711;753;20496;
2670;711;753;21524;
2661;711;753;22548;
2646;713;752;23572;
2631;712;751;24596;
2622;712;754;25620;
2617;712;753;26644;
2626;711;753;27668;
2622;711;753;28692;
2617;710;752;29716;
2607;712;753;30744;
2592;712;751;31768;
2592;711;753;32796;
2592;711;752;33820;
2597;711;753;34840;
2597;711;753;35864;
2592;711;755;36884;
2583;713;754;37908;
2578;711;753;38932;
2548;713;751;39956;
2558;713;753;40980;
2534;712;751;42000;
2548;713;753;43024;
2534;711;752;44052;
2529;711;753;45076;
2529;711;752;46100;
2529;712;752;47128;
2514;713;752;48152;
2519;711;754;49180;
2529;711;753;50204;
2514;711;755;51228;
2509;711;753;52252;
2500;716;752;53272;
2485;713;752;54300;
2480;713;752;55324;
2465;711;753;56348;
2475;714;752;57368;
2465;712;753;58396;
2475;711;754;59420;
2475;713;754;60440;
2465;713;752;61468;
2456;716;752;62492;
2446;715;752;63516;
2431;711;753;64536;
2436;713;753;24;
2441;713;753;1044;
2451;714;753;2068;
2431;712;753;3092;
2421;711;752;4116;
2421;715;753;5132;
2416;713;753;6156;
2402;715;753;7180;
2407;716;750;8204;
2392;717;753;9228;
2387;716;753;10256;
2397;716;753;11284;
2387;716;754;12312;
2368;718;753;13336;
2358;718;753;14364;
2358;718;752;15384;
2353;716;754;16412;
2363;716;754;17436;
2358;718;753;18460;
2353;716;753;19480;
2338;718;753;20504;
2333;719;751;21532;
2309;719;752;22556;
2324;719;755;23580;
2324;716;752;24604;
2314;720;753;25628;
2324;719;753;26652;
2309;718;753;27672;
2304;719;753;28700;
2280;721;751;29724;
2280;721;752;30748;
2280;721;752;31772;
2260;721;751;32788;
2275;721;753;33812;
2260;722;752;34832;
2260;723;753;35852;
2260;723;753;36872;
2260;723;753;37884;
2260;723;753;38896;
2255;723;752;39912;
2260;723;753;40936;
2246;723;753;41956;
2246;724;752;42980;
2241;724;752;44000;
2226;723;752;45020;
2241;723;753;46040;
2231;723;754;47052;
2226;723;754;48072;
2221;723;753;49092;
2207;727;753;50116;
2211;724;752;51136;
2216;726;753;52156;
2202;725;753;53172;
2202;723;753;54192;
2202;723;753;55212;
2192;723;753;56232;
2192;723;753;57252;
2187;726;754;58272;
2177;724;754;59292;
2182;724;753;60312;
2167;726;753;61332;
2163;723;752;62356;
2172;728;753;63376;
2153;724;752;64392;
2163;724;752;65412;
2153;723;752;896;
2148;727;753;1908;
2109;728;749;2920;
2114;728;753;3936;
2148;728;753;4948;
2124;724;752;5960;
2138;727;753;6980;
2138;727;753;7996;
2119;728;751;9016;
2109;728;754;10036;
2109;725;753;11056;
2114;728;753;12076;
2099;728;753;13096;
2104;729;752;14116;
2104;726;753;15132;
2094;729;753;16152;
2089;726;752;17172;
2094;729;752;18192;
2089;730;753;19212;
2084;729;753;20228;
2065;731;752;21248;
2065;730;752;22268;
2060;729;751;23288;
2075;731;753;24308;
2050;730;750;25328;
2065;731;752;26348;
2060;731;751;27368;
2050;731;751;28388;
2045;729;753;29408;
2045;730;751;30428;
2045;731;750;31448;
2045;731;752;32468;
2065;731;752;33488;
2060;731;752;34508;
2045;731;751;35528;
2050;731;752;36548;
2045;731;753;37568;
2036;731;753;38588;
2036;731;753;39608;
2050;731;750;40620;
2055;729;754;41640;
2045;729;753;42656;
2036;729;753;43676;
2036;728;752;44696;
2031;728;752;45716;
2036;728;753;46736;
2036;729;753;47756;
2026;728;753;48772;
2036;728;753;49792;
2036;728;753;50812;
2036;729;753;51832;
2031;729;755;52852;
2026;729;752;53872;
2026;727;754;54892;
2031;731;753;55912;
2026;731;755;56932;
2031;728;754;57952;
2031;729;755;58976;
2026;732;752;59996;
2026;731;753;61016;
2021;730;755;62036;
2021;732;752;63056;
2016;729;752;64076;
2016;731;753;65096;
2011;732;753;584;
2026;734;753;1596;
2016;728;753;2612;
2006;732;753;3624;
2011;732;751;4640;
2011;732;752;5652;
2011;732;751;6672;
2026;732;754;7692;
2021;732;753;8712;
2016;734;753;9732;
2016;732;749;10752;
2021;732;754;11772;
2011;732;752;12792;
2016;734;753;13812;
2026;732;752;14832;
2026;734;753;15852;
2021;733;752;16872;
2011;731;753;17892;
2026;732;751;18912;
2026;731;753;19932;
2021;732;752;20952;
2026;732;753;21972;
2021;732;755;22984;
2026;734;753;24004;
2026;731;755;25024;
2026;732;754;26044;
2026;731;753;27064;
2021;732;753;28084;
2036;732;752;29104;
2021;729;752;30116;
2021;731;752;31136;
2026;734;753;32148;
2026;733;752;33168;
2026;732;752;34188;
2026;732;751;35208;
2026;733;752;36224;
2021;732;752;37244;
2036;734;752;38264;
2031;733;752;39276;
2045;732;753;40296;
2036;732;752;41316;
2050;734;752;42336;
2050;732;752;43356;
2045;731;753;44372;
2045;731;752;45392;
2050;732;752;46412;
2045;732;754;47432;
2050;734;753;48452;
2060;732;752;49472;
2060;732;752;50488;
2065;732;754;51504;
2045;732;753;52524;
2065;731;755;53544;
2055;731;753;54564;
2065;731;753;55584;
2065;729;753;56604;
2065;731;754;57620;
2070;731;755;58640;
2065;730;753;59660;
2075;731;753;60680;
2084;732;753;61700;
2075;732;754;62716;
2089;734;751;63736;
2099;732;752;64748;
2099;733;752;228;
2099;731;753;1248;
2104;731;753;2264;
2109;729;753;3284;
2109;733;753;4304;
2104;734;752;5316;
2099;732;752;6328;
2109;732;752;7348;
2104;732;752;8364;
2119;733;752;9384;
2138;732;753;10396;
2128;732;753;11408;
2138;732;753;12428;
2133;729;753;13448;
2133;732;752;14464;
2133;731;752;15480;
2133;732;752;16496;
2148;732;751;17508;
2153;733;752;18528;
2148;731;749;19548;
2167;733;753;20568;
2163;732;752;21584;
2167;732;752;22604;
2167;732;753;23624;
2182;732;753;24636;
2177;733;753;25656;
2167;731;753;26668;
2177;732;753;27688;
2182;733;751;28708;
2187;733;752;29720;
2192;733;753;30748;
2187;732;752;31768;
2187;732;752;32792;
2197;732;751;33812;
2202;732;753;34832;
2216;732;753;35852;
2221;731;753;36876;
2221;731;753;37900;
2241;732;753;38920;
2221;728;753;39936;
2221;732;753;40948;
2221;732;753;41968;
2246;729;755;42984;
2246;732;752;44004;
2250;732;752;45024;
2255;732;752;46044;
2250;732;753;47064;
2246;732;752;48084;
2265;732;753;49100;
2275;733;752;50120;
2275;732;752;51140;
2280;732;749;52160;
2280;732;752;53180;
2299;732;752;54196;
2304;733;755;55216;
2304;732;751;56240;
2309;732;753;57260;
2304;732;753;58280;
2309;732;753;59300;
2329;731;753;60320;
2314;732;752;61340;
2319;732;752;62360;
2338;732;753;63380;
2338;731;753;64400;
2348;733;751;65420;
2358;733;752;904;
2363;733;753;1916;
2363;729;752;2928;
2358;732;754;3940;
2368;732;750;4952;
2363;731;752;5964;
2382;731;753;6988;
2377;731;752;8008;
2387;732;752;9028;
2397;732;753;10048;
2397;730;752;11068;
2407;731;752;12088;
2412;730;753;13108;
2412;729;753;14128;
2426;732;753;15144;
2421;729;753;16164;
2431;731;753;17184;
2436;732;754;18204;
2436;731;753;19224;
2451;731;753;20244;
2460;728;754;21264;
2451;727;753;22284;
2460;728;754;23304;
2465;729;751;24328;
2470;731;753;25348;
2480;731;753;26368;
2490;729;753;27388;
2485;729;752;28408;
2500;728;752;29428;
2504;729;753;30448;
2504;728;753;31468;
2514;729;753;32488;
2514;728;752;33508;
2514;730;754;34528;
2529;729;753;35548;
2514;726;752;36568;
2534;729;753;37588;
2534;728;752;38608;
2553;728;753;39628;
2543;724;752;40648;
2558;729;753;41668;
2558;728;752;42688;
2558;728;753;43708;
2563;726;752;44728;
2573;725;754;45748;
2573;728;753;46768;
2592;727;753;47788;
2573;723;753;48808;
2583;723;752;49828;
2607;728;753;50848;
2597;724;754;51868;
2597;723;753;52888;
2617;726;752;53908;
2617;724;753;54932;
2622;723;752;55952;
2631;724;754;56972;
2622;723;752;57992;
2646;723;753;59012;
2636;723;753;60032;
2646;723;750;61052;
2651;723;754;62072;
2651;723;752;63092;
2666;722;752;64112;
2656;723;752;65132;
2670;721;753;616;
2685;723;753;1628;
2690;719;752;2640;
2685;721;752;3652;
2700;721;753;4664;
2695;722;752;5680;
2700;719;753;6700;
2709;721;754;7720;
2700;720;753;8740;
2724;719;753;9760;
2724;719;754;10780;
2724;720;753;11800;
2729;719;752;12820;
2739;720;754;13844;
2744;719;753;14864;
2744;719;753;15884;
2739;719;753;16904;
2758;719;751;17916;
2763;718;753;18928;
2744;719;752;19940;
2749;718;750;20960;
2734;719;750;21980;
2763;719;750;23000;
2749;719;750;24020;
2778;719;755;25036;
2788;719;753;26056;
2788;719;748;27076;
2802;719;749;28088;
2807;719;754;29108;
2807;719;752;30124;
2807;719;752;31148;
2817;718;753;32164;
2817;716;753;33184;
2827;716;753;34196;
2832;718;753;35216;
2822;716;753;36232;
2827;718;753;37252;
2817;717;753;38268;
2827;719;752;39288;
2827;716;752;40304;
2846;717;755;41324;
2827;716;753;42344;
2846;716;752;43364;
2856;716;752;44384;
2866;716;753;45404;
2871;716;751;46420;
2875;716;753;47440;
2875;716;752;48456;
2875;716;751;49476;
2885;716;751;50500;
2890;715;754;51520;
2885;716;752;52532;
2895;713;753;53552;
2885;711;753;54568;
2905;712;754;55588;
2910;711;753;56604;
2910;715;752;57624;
2929;713;753;58640;
2905;715;752;59660;
2900;715;753;60676;
2905;715;753;61696;
2905;716;752;62712;
2905;716;752;63736;
2929;713;753;64748;
2934;715;752;232;
2939;713;752;1244;
2944;711;753;2264;
2949;711;752;3284;
2949;711;753;4296;
2934;713;753;5308;
2949;713;752;6332;
2944;714;752;7352;
2944;714;753;8368;
2934;715;754;9388;
2949;714;751;10408;
2949;713;753;11424;
2963;714;752;12444;
2968;714;752;13460;
2968;714;751;14480;
2973;714;752;15496;
2973;716;754;16516;
2963;711;752;17532;
2983;711;753;18552;
2968;711;754;19568;
2983;711;755;20592;
2983;711;753;21608;
2993;711;753;22628;
2993;711;753;23648;
2983;711;753;24660;
2998;713;753;25680;
2988;713;753;26696;
2983;713;752;27716;
2978;713;750;28736;
2983;713;752;29752;
2998;712;752;30772;
3002;713;752;31788;
3002;713;753;32808;
3002;713;752;33824;
3002;713;751;34844;
3007;713;752;35868;
3002;714;753;36892;
2983;711;751;37916;
2998;713;752;38936;
3022;712;753;39960;
3012;711;753;40988;
3002;711;753;42012;
3012;713;752;43032;
3002;713;752;44060;
3007;712;753;45084;
3002;712;752;46104;
3012;713;753;47128;
3012;710;753;48152;
3022;710;753;49180;
3022;711;753;50204;
3012;713;753;51224;
3027;713;752;52248;
3002;711;752;53276;
3002;712;752;54296;
2998;713;752;55320;
3002;712;752;56348;
3017;710;752;57372;
3012;712;752;58396;
3027;713;753;59420;
3027;711;751;60444;
3012;712;752;61468;
3002;712;752;62492;
3012;712;753;63516;
3022;711;754;64540;
3027;711;753;28;
3027;712;753;1040;
3027;711;752;2068;
3027;711;752;3092;
3027;713;753;4116;
3002;711;751;5136;
3002;712;753;6164;
3007;711;752;7188;
3002;710;752;8216;
3012;711;752;9240;
3002;712;753;10268;
3017;711;750;11292;
2983;713;752;12316;
2988;713;753;13336;
3002;713;752;14360;
3002;711;753;15388;
3002;711;753;16412;
3007;711;755;17432;
3002;711;753;18456;
3002;711;752;19480;
2983;712;752;20508;
2973;711;751;21528;
2998;712;754;22552;
2998;711;753;23576;
2998;712;753;24604;
2988;711;752;25628;
2998;711;753;26652;
2998;711;752;27672;
2958;711;750;28696;
2983;713;753;29724;
2978;711;752;30748;
2998;712;753;31772;
2983;711;754;32796;
2988;711;753;33820;
2983;713;753;34844;
2978;712;751;35864;
2963;712;752;36892;
2949;711;752;37916;
2968;711;753;38940;
2963;710;752;39964;
2958;711;752;40988;
2968;712;753;42012;
2968;713;753;43036;
2968;712;753;44060;
2929;711;751;45084;
2934;713;751;46108;
2944;711;752;47132;
2954;713;754;48156;
2929;711;753;49176;
2939;710;753;50200;
2944;711;753;51224;
2934;711;752;52248;
2919;711;752;53276;
2910;711;752;54296;
2934;711;754;55324;
2910;710;753;56344;
2919;711;753;57368;
2919;711;753;58392;
2905;711;753;59416;
2885;713;752;60444;
2905;712;752;61468;
2905;712;753;62492;
2885;713;752;63512;
2905;712;753;64540;
2905;711;753;28;
2895;711;753;1052;
2890;712;752;2072;
2880;711;752;3100;
2885;713;749;4120;
2871;713;752;5140;
2866;711;752;6168;
2880;711;753;7192;
2866;710;753;8220;
2866;710;752;9240;
2871;713;753;10264;
2871;713;751;11292;
2832;711;752;12312;
2841;713;751;13340;
2832;713;752;14360;
2841;711;754;15388;
2846;710;754;16412;
2841;713;753;17436;
2836;713;753;18460;
2827;712;751;19480;
2807;712;752;20504;
2797;711;753;21532;
2807;710;755;22556;
2807;711;753;23580;
2802;714;753;24604;
2797;712;751;25628;
2788;711;751;26652;
2773;712;752;27676;
2773;711;753;28700;
2788;711;753;29724;
2773;711;753;30748;
2773;711;753;31772;
2773;711;754;32792;
2773;711;754;33812;
2768;711;753;34832;
2758;711;753;35852;
2753;711;753;36876;
2744;711;752;37900;
2749;711;753;38924;
2739;713;753;39944;
2729;713;753;40972;
2729;711;752;41996;
2724;713;752;43020;
2724;712;753;44040;
2714;711;753;45064;
2719;711;755;46084;
2709;710;753;47100;
2690;712;752;48120;
2690;711;753;49136;
2675;711;753;50156;
2690;713;753;51176;
2661;711;753;52192;
2670;712;752;53212;
2661;713;752;54232;
2661;712;753;55248;
2651;711;752;56268;
2646;713;751;57288;
2641;713;753;58308;
2636;711;753;59328;
2636;712;752;60348;
2636;713;752;61368;
2631;713;752;62388;
2617;712;751;63408;
2622;712;752;64428;
2617;712;752;65452;
2592;714;752;936;
2612;712;752;1948;
2617;711;753;2960;
2587;711;754;3972;
2573;713;753;4984;
2568;713;752;6004;
2578;712;752;7024;
2573;713;753;8044;
2534;711;752;9064;
2558;714;753;10076;
2573;711;752;11088;
2558;711;753;12100;
2543;711;753;13120;
2534;711;753;14140;
2534;712;753;15160;
2534;712;752;16180;
2534;711;753;17204;
2529;711;754;18224;
2519;711;753;19244;
2514;711;755;20268;
2504;711;753;21288;
2500;710;752;22308;
2504;710;753;23328;
2495;709;753;24348;
2490;711;754;25368;
2490;710;753;26388;
2480;711;753;27408;
2480;711;753;28428;
2475;711;753;29448;
2475;711;753;30468;
2465;713;753;31488;
2456;711;753;32500;
2436;716;750;33512;
2421;716;751;34532;
2436;716;752;35552;
2426;715;753;36572;
2421;716;752;37592;
2421;716;752;38612;
2407;717;752;39628;
2412;716;752;40648;
2387;716;752;41668;
2377;716;752;42688;
2397;717;753;43708;
2387;718;753;44728;
2377;716;752;45748;
2377;718;752;46768;
2377;719;752;47788;
2373;719;752;48808;
2358;718;753;49828;
2358;719;753;50848;
2348;719;754;51868;
2348;719;752;52888;
2348;719;752;53908;
2324;718;753;54928;
2343;719;752;55940;
2324;718;752;56952;
2333;718;752;57972;
2324;718;753;58992;
2324;719;754;60012;
2309;717;753;61032;
2319;719;753;62052;
2304;719;753;63072;
2304;719;755;64092;
2294;719;753;65112;
2304;721;753;596;
2290;719;752;1608;
2285;722;753;2624;
2260;721;752;3636;
2280;719;753;4648;
2280;722;753;5668;
2275;719;753;6688;
2260;719;753;7708;
2260;720;754;8728;
2246;719;753;9752;
2260;724;753;10772;
2246;721;752;11792;
2246;724;753;12812;
2241;724;751;13832;
2226;723;754;14852;
2221;721;753;15872;
2221;723;753;16892;
2221;723;753;17908;
2216;723;753;18928;
2211;723;752;19948;
2211;723;755;20968;
2192;723;753;21988;
2202;724;753;23008;
2187;723;753;24028;
2187;723;753;25048;
2177;726;753;26064;
2167;725;753;27076;
2187;726;753;28096;
2163;726;753;29116;
2167;726;753;30136;
2153;728;752;31156;
2163;728;751;32168;
2163;728;751;33188;
2167;728;752;34200;
2153;728;753;35220;
2163;728;752;36240;
2153;726;753;37260;
2138;728;754;38272;
2148;727;754;39292;
2148;728;753;40312;
2143;728;752;41332;
2138;728;753;42352;
2128;728;753;43376;
2128;728;753;44396;
2124;727;754;45408;
2109;727;754;46428;
2109;731;753;47448;
2099;729;752;48460;
2109;731;752;49476;
2114;729;751;50492;
2109;729;752;51512;
2109;729;752;52528;
2099;726;752;53540;
2099;729;755;54560;
2089;728;753;55576;
2075;728;753;56596;
2084;726;752;57616;
2065;729;752;58636;
2080;729;753;59648;
2075;729;751;60664;
2060;729;753;61684;
2075;728;751;62700;
2080;731;752;63720;
2075;731;751;64740;
2065;728;752;224;
2065;728;752;1244;
2065;729;752;2260;
2065;728;753;3280;
2065;730;753;4300;
2065;728;754;5320;
2050;729;754;6332;
2065;728;753;7352;
2045;728;753;8372;
2045;729;753;9392;
2026;729;752;10404;
2031;729;751;11420;
2021;729;752;12440;
2036;730;755;13464;
2026;731;754;14484;
2021;728;753;15504;
2031;729;753;16528;
2026;731;753;17544;
2026;732;752;18564;
2036;731;753;19576;
2026;730;752;20596;
2026;731;752;21616;
2031;728;752;22628;
2026;728;753;23648;
2036;729;755;24664;
2026;731;752;25680;
2021;729;752;26700;
2021;729;753;27720;
2016;729;752;28732;
2011;731;755;29752;
2021;731;753;30772;
2011;732;753;31792;
2021;733;752;32804;
2016;732;752;33828;
2011;732;752;34848;
2011;732;752;35868;
2016;733;753;36884;
1997;732;752;37904;
2006;732;753;38924;
2006;732;752;39944;
2011;732;752;40956;
2016;732;753;41976;
2026;732;751;42992;
2026;732;752;44012;
2026;732;752;45032;
2021;732;753;46048;
2026;731;753;47068;
2016;731;753;48088;
2021;732;753;49104;
2021;731;755;50124;
2011;732;752;51144;
2011;731;753;52164;
2021;732;753;53184;
2016;732;754;54204;
2011;731;752;55224;
2011;731;752;56244;
2021;732;753;57260;
1992;732;751;58280;
1997;732;753;59300;
2026;732;752;60320;
2011;730;753;61340;
2006;732;752;62360;
2011;733;752;63380;
2026;729;753;64400;
2021;732;752;65420;
2021;731;753;904;
2026;732;752;1920;
2031;732;752;2932;
2036;729;753;3944;
2026;732;752;4956;
2011;731;753;5968;
2026;732;752;6992;
2016;732;753;8012;
2031;732;752;9032;
2031;729;753;10052;
2036;733;753;11076;
2036;731;753;12096;
2041;732;752;13116;
2036;731;753;14136;
2041;732;752;15156;
2045;732;752;16176;
2050;731;755;17196;
2065;732;754;18216;
2045;732;753;19236;
2060;732;753;20256;
2065;733;753;21276;
2060;731;755;22296;
2065;732;752;23316;
2065;731;755;24336;
2065;733;752;25356;
2060;732;754;26372;
2060;732;752;27392;
2060;731;752;28408;
2065;733;752;29428;
2065;732;751;30444;
2089;733;753;31464;
2094;732;752;32480;
2089;731;752;33500;
2104;732;753;34520;
2089;733;753;35536;
2104;733;752;36556;
2099;732;753;37576;
2094;732;752;38596;
2114;733;752;39616;
2114;733;753;40636;
2124;732;753;41652;
2124;728;753;42672;
2114;730;754;43688;
2128;732;754;44708;
2124;732;753;45724;
2124;732;752;46744;
2124;729;753;47760;
2124;732;753;48780;
2138;734;753;49792;
2133;732;752;50812;
2128;733;751;51832;
2138;732;752;52852;
2143;734;751;53872;
2163;732;753;54892;
2167;733;751;55912;
2153;732;751;56936;
2148;732;753;57956;
2128;732;750;58976;
2172;732;752;59996;
2177;732;752;61016;
2167;732;752;62036;
2187;732;752;63056;
2167;732;753;64076;
2187;732;751;65096;
2167;732;750;580;
2192;732;752;1592;
2207;730;753;2604;
2202;732;752;3616;
2221;732;753;4628;
2202;732;754;5652;
2216;732;753;6672;
2207;734;752;7692;
2221;732;754;8712;
2207;733;751;9732;
2216;732;754;10752;
2231;732;753;11776;
2246;732;755;12796;
2246;732;752;13816;
2255;730;753;14836;
2260;733;752;15856;
2246;728;753;16876;
2255;732;751;17896;
2265;732;753;18912;
2260;732;751;19932;
2270;730;752;20956;
2294;732;753;21980;
2294;731;753;23000;
2299;732;752;24020;
2280;728;753;25032;
2280;732;750;26052;
2309;732;752;27064;
2324;733;754;28084;
2309;732;754;29096;
2333;731;753;30116;
2333;733;753;31136;
2338;732;753;32152;
2333;729;753;33172;
2343;729;754;34188;
2348;729;753;35208;
2358;732;754;36228;
2353;733;753;37248;
2358;729;754;38260;
2353;732;752;39280;
2363;732;752;40292;
2358;732;751;41312;
2387;731;752;42332;
2387;732;753;43352;
2377;732;752;44368;
2387;732;754;45388;
2397;732;752;46408;
2402;732;752;47432;
2402;730;752;48452;
2421;731;753;49464;
2421;731;752;50484;
2426;729;753;51504;
2436;729;753;52516;
2436;730;754;53540;
2436;729;753;54560;
2451;728;753;55580;
2460;729;753;56596;
2456;729;753;57616;
2460;731;753;58636;
2465;729;753;59652;
2460;730;753;60672;
2460;728;753;61688;
2460;729;753;62708;
2475;729;753;63724;
2465;729;752;64744;
2495;729;752;220;
2495;727;752;1232;
2504;728;753;2252;
2514;728;752;3272;
2504;727;753;4296;
2529;729;753;5308;
2504;728;753;6320;
2514;728;750;7340;
2519;728;753;8356;
2534;728;752;9376;
2553;728;752;10392;
2558;728;753;11412;
2558;728;752;12432;
2568;728;752;13452;
2563;728;752;14472;
2573;728;753;15492;
2573;728;753;16512;
2587;727;753;17524;
2583;726;753;18544;
2592;726;753;19560;
2597;726;754;20580;
2607;723;755;21596;
2617;726;754;22616;
2612;721;753;23632;
2612;726;753;24652;
2602;723;752;25664;
2617;724;752;26684;
2631;723;752;27700;
2641;725;752;28720;
2631;723;751;29736;
2646;724;752;30756;
2646;723;753;31772;
2651;723;752;32796;
2661;723;753;33816;
2661;721;750;34840;
2651;722;752;35864;
2646;721;750;36888;
2680;723;752;37912;
2685;723;752;38932;
2700;721;753;39960;
2700;719;754;40984;
2700;719;753;42008;
2714;723;753;43028;
2714;721;753;44052;
2700;721;751;45072;
2700;721;751;46100;
2714;721;752;47120;
2729;720;752;48140;
2739;721;753;49168;
2749;718;753;50188;
2739;718;755;51212;
2744;719;754;52240;
2763;719;753;53264;
2744;720;751;54288;
2753;719;752;55312;
2773;719;753;56340;
2763;719;752;57360;
2773;716;753;58384;
2773;717;753;59408;
2792;719;752;60428;
2788;719;754;61456;
2778;718;752;62480;
2792;719;752;63504;
2797;718;752;64532;
2792;716;753;20;
2797;716;752;1044;
2807;719;753;2072;
2802;719;751;3096;
2807;718;752;4124;
2817;718;753;5140;
2827;716;754;6168;
2827;716;753;7196;
2827;716;753;8216;
2827;713;752;9236;
2841;716;753;10256;
2846;718;753;11280;
2846;718;754;12304;
2846;717;752;13328;
2846;716;753;14352;
2871;716;753;15380;
2871;715;753;16404;
2880;715;753;17424;
2880;717;753;18448;
2885;716;753;19468;
2885;716;753;20496;
2890;716;753;21516;
2880;716;753;22536;
2895;716;752;23564;
2900;716;753;24592;
2895;715;753;25616;
2905;714;752;26644;
2890;716;752;27668;
2890;716;752;28692;
2905;714;752;29712;
2910;715;753;30736;
2910;715;753;31760;
2919;715;752;32776;
2929;714;753;33804;
2944;713;753;34828;
2929;711;753;35852;
2944;713;753;36872;
2949;715;752;37896;
2934;714;753;38920;
2934;714;753;39948;
2929;714;751;40964;
2944;715;752;41992;
2958;713;752;43016;
2958;711;753;44040;
2968;712;753;45064;
2963;712;753;46092;
2949;713;751;47120;
2949;711;751;48144;
2968;713;752;49164;
2973;712;753;50184;
2973;711;753;51212;
2983;711;753;52232;
2968;711;752;53256;
2973;712;753;54284;
2963;711;752;55308;
2983;712;752;56332;
2988;712;752;57356;
2988;713;754;58384;
2998;711;755;59408;
2998;712;753;60436;
2983;713;751;61460;
2983;713;753;62484;
3002;713;755;63508;
2998;711;754;64532;
3002;711;753;24;
2998;713;753;1052;
3002;713;752;2076;
3002;713;753;3092;
2998;713;753;4120;
2993;712;751;5136;
3002;713;755;6164;
3012;712;753;7188;
3012;711;753;8212;
3002;711;753;9236;
3012;711;753;10264;
2973;711;748;11288;
3002;713;751;12308;
3002;712;752;13332;
3007;710;752;14360;
3012;713;753;15388;
3027;713;753;16412;
3022;713;752;17432;
3007;712;755;18456;
3027;713;752;19484;
3027;710;753;20508;
3027;711;753;21532;
3012;711;752;22552;
3027;711;753;23580;
3027;711;751;24604;
3017;711;752;25628;
2998;711;753;26652;
2998;711;750;27676;
3002;711;750;28696;
3022;711;753;29720;
3022;710;752;30744;
3022;709;752;31768;
3012;711;753;32792;
3027;711;753;33816;
3007;711;751;34840;
3002;712;752;35868;
3012;712;753;36892;
3012;711;754;37916;
3007;711;753;38940;
3012;711;754;39960;
3017;711;751;40988;
3012;713;752;42012;
3002;712;751;43032;
2998;711;753;44056;
3002;711;753;45080;
3012;709;752;46108;
3002;711;752;47128;
3012;712;752;48156;
3012;713;751;49180;
3012;712;753;50204;
3002;713;751;51228;
2998;712;753;52252;
3002;711;753;53276;
3002;710;754;54300;
3002;712;752;55324;
2988;711;752;56348;
2998;711;755;57368;
3002;711;753;58396;
2998;713;751;59416;
2983;712;753;60440;
3002;711;754;61468;
2988;710;752;62488;
2993;712;753;63516;
2973;711;752;64540;
2993;711;752;28;
2983;712;753;1044;
2983;713;752;2072;
2968;713;751;3096;
2973;713;753;4120;
2983;711;754;5140;
2973;710;753;6168;
2968;711;752;7192;
2968;712;752;8216;
2973;712;753;9240;
2968;713;752;10264;
2944;712;752;11292;
2958;711;752;12316;
2949;711;753;13340;
2949;709;752;14360;
2944;711;754;15384;
2963;713;753;16408;
2934;711;750;17436;
2949;712;752;18456;
2924;712;753;19480;
2934;711;755;20504;
2934;711;755;21528;
2934;711;753;22556;
2929;711;755;23576;
2934;712;752;24604;
2929;714;753;25624;
2929;712;752;26648;
2919;713;752;27672;
2929;712;753;28700;
2910;711;753;29724;
2910;711;755;30748;
2915;712;753;31768;
2905;711;753;32792;
2905;714;755;33816;
2895;712;753;34840;
2885;711;752;35860;
2875;713;752;36884;
2885;712;752;37908;
2871;711;752;38932;
2885;710;753;39960;
2885;711;753;40988;
2875;711;754;42004;
2871;713;752;43032;
2846;713;752;44056;
2856;711;753;45080;
2856;711;752;46108;
2856;711;755;47132;
2851;711;753;48152;
2856;712;753;49180;
2822;712;752;50204;
2817;711;751;51228;
2822;711;753;52252;
2841;711;754;53276;
2841;711;754;54296;
2832;711;753;55324;
2817;712;753;56348;
2827;713;752;57372;
2807;712;752;58392;
2792;711;753;59420;
2802;711;753;60440;
2792;710;753;61468;
2802;711;753;62492;
2788;711;752;63516;
2792;713;752;64540;
2773;712;753;28;
2773;711;748;1048;
2749;711;751;2076;
2753;712;752;3100;
2758;710;752;4124;
2753;713;752;5140;
2763;711;753;6164;
2763;711;753;7188;
2749;711;753;8208;
2739;711;755;9228;
2749;711;754;10248;
2734;710;752;11272;
2734;711;753;12292;
2719;711;753;13308;
2724;711;754;14328;
2724;711;754;15344;
2709;711;753;16360;
2690;713;753;17380;
2690;712;753;18396;
2690;712;754;19416;
2685;713;754;20436;
2675;712;752;21456;
2670;713;754;22476;
2670;711;753;23500;
2661;711;752;24520;
2661;711;753;25540;
2651;711;754;26560;
2651;712;755;27580;
2651;713;752;28600;
2646;712;753;29620;
2646;713;752;30640;
2636;711;753;31660;
2631;713;752;32680;
2607;712;752;33700;
2617;713;752;34720;
2612;711;752;35740;
2612;714;752;36760;
2592;711;753;37780;
2592;713;753;38800;
2592;711;753;39820;
2583;713;753;40840;
2573;711;752;41860;
2568;712;753;42880;
2568;712;753;43900;
2573;711;754;44916;
2558;713;753;45928;
2568;713;751;46940;
2553;711;752;47956;
2543;711;753;48968;
2534;713;752;49980;
2534;713;751;51000;
2524;714;752;52020;
2529;713;752;53044;
2504;713;752;54064;
2519;713;752;55084;
2500;713;751;56104;
2500;713;752;57124;
2504;713;752;58144;
2490;713;752;59168;
2480;712;754;60188;
2485;713;753;61212;
2480;711;754;62232;
2475;712;755;63252;
2470;712;752;64272;
2460;715;752;65292;
2460;712;753;776;
2460;714;753;1788;
2451;715;752;2800;
2446;711;752;3812;
2451;712;753;4824;
2426;713;754;5840;
2426;715;755;6852;
2426;713;753;7864;
2421;713;753;8884;
2426;715;753;9904;
2412;715;755;10924;
2412;715;753;11944;
2407;715;753;12964;
2407;716;752;13984;
2397;716;753;15004;
2402;716;753;16024;
2377;715;753;17044;
2377;713;753;18064;
2377;717;753;19084;
2377;716;755;20104;
2377;718;753;21124;
2363;718;753;22144;
2363;717;752;23156;
2348;718;752;24168;
2338;718;753;25180;
2338;718;754;26192;
2333;718;752;27212;
2343;718;753;28232;
2329;719;753;29252;
2319;718;753;30272;
2309;719;754;31292;
2319;719;753;32312;
2319;719;753;33332;
2309;721;751;34348;
2304;719;755;35368;
2290;716;752;36388;
2294;719;753;37408;
2285;719;754;38428;
2280;719;752;39448;
2280;721;753;40468;
2270;721;752;41488;
2260;721;753;42508;
2260;719;753;43528;
2260;721;753;44544;
2255;722;753;45564;
2250;722;753;46584;
2246;721;755;47604;
2231;721;753;48624;
2231;721;753;49644;
2231;722;752;50664;
2221;723;753;51684;
2221;723;753;52704;
2211;723;753;53716;
2202;723;752;54736;
2192;723;753;55752;
2202;724;751;56772;
2207;726;752;57784;
2202;727;751;58804;
2202;726;751;59824;
2202;726;752;60840;
2192;727;753;61856;
2187;728;753;62876;
2187;723;753;63896;
2177;726;752;64908;
2163;725;753;388;
2163;727;751;1400;
2148;726;752;2412;
2172;727;753;3432;
2167;727;753;4452;
2148;725;753;5464;
2138;726;752;6476;
2128;726;753;7496;
2128;726;752;8516;
2124;728;752;9536;
2124;728;753;10548;
2143;728;752;11564;
2138;728;752;12584;
2128;729;753;13604;
2114;727;753;14616;
2124;728;752;15636;
2114;728;753;16652;
2114;728;753;17672;
2114;727;753;18688;
2109;728;754;19704;
2089;727;753;20724;
2084;730;755;21744;
2089;729;751;22756;
2109;729;752;23768;
2104;728;753;24784;
2089;728;753;25804;
2089;731;753;26824;
2094;729;753;27840;
2089;728;753;28860;
2089;728;753;29880;
2089;727;753;30896;
2065;726;754;31916;
2075;729;755;32936;
2045;730;753;33948;
2055;731;755;34968;
2050;731;753;35984;
2060;729;752;37004;
2045;729;752;38024;
2050;731;752;39044;
2041;729;752;40064;
2045;731;753;41088;
2036;729;752;42104;
2041;731;753;43124;
2045;731;752;44144;
2045;729;752;45164;
2060;729;753;46176;
2045;729;753;47188;
2041;729;753;48208;
2045;729;755;49228;
2026;728;753;50240;
2036;731;753;51260;
2036;729;753;52280;
2036;729;753;53300;
2031;731;752;54312;
2021;731;752;55332;
2036;732;752;56348;
2031;732;752;57372;
2021;731;752;58392;
2011;731;753;59416;
2011;729;753;60440;
2026;729;752;61464;
2036;729;753;62492;
2026;729;754;63512;
2021;728;753;64532;
2026;729;753;20;
2021;732;752;1048;
2011;731;752;2072;
2011;731;752;3096;
2021;728;753;4120;
2016;732;752;5136;
2016;732;753;6156;
1997;732;751;7172;
2026;732;750;8184;
2011;731;748;9204;
2026;733;753;10224;
2026;732;752;11244;
2016;732;752;12264;
2011;732;752;13284;
2016;731;753;14304;
2026;732;750;15324;
2021;732;752;16344;
1997;732;752;17368;
2011;732;751;18388;
2011;731;752;19408;
2011;731;752;20428;
2026;732;752;21444;
2026;734;753;22464;
2026;732;753;23484;
2021;732;753;24504;
2026;732;753;25524;
2021;732;752;26544;
2026;732;753;27564;
2031;732;753;28584;
2011;731;752;29604;
2021;732;753;30628;
2026;733;751;31644;
2026;732;752;32664;
2026;732;753;33684;
2026;732;751;34700;
2036;732;753;35720;
2036;732;753;36740;
2036;732;752;37760;
2041;730;753;38780;
2045;732;752;39800;
2036;731;753;40820;
2045;732;752;41840;
2026;731;752;42860;
2045;732;753;43880;
2045;732;752;44900;
2045;732;754;45920;
2036;732;753;46936;
2055;731;753;47956;
2045;731;753;48976;
2045;730;753;49996;
2045;729;753;51012;
2060;732;753;52032;
2045;730;754;53052;
2050;732;753;54072;
2060;730;752;55092;
2065;731;753;56112;
2060;729;752;57132;
2065;732;754;58152;
2070;732;753;59172;
2075;731;755;60192;
2065;731;753;61212;
2084;732;753;62232;
2084;729;753;63252;
2075;730;752;64272;
2084;731;755;65292;
2070;729;753;776;
2065;732;753;1788;
2075;733;752;2800;
2084;732;752;3812;
2104;729;753;4824;
2089;731;753;5836;
2089;732;753;6856;
2089;731;752;7868;
2104;733;752;8888;
2104;732;752;9904;
2109;734;754;10924;
2109;732;752;11944;
2119;733;754;12964;
2124;732;753;13980;
2119;731;755;15000;
2128;731;753;16016;
2138;730;753;17036;
2143;731;754;18056;
2148;731;753;19076;
2143;732;755;20096;
2143;731;752;21116;
2148;732;753;22132;
2148;732;754;23152;
2148;731;755;24168;
2163;734;753;25188;
2167;731;754;26208;
2167;732;753;27232;
2172;731;753;28252;
2167;732;753;29272;
2187;732;753;30292;
2182;731;753;31312;
2187;729;753;32332;
2187;729;755;33348;
2182;731;754;34368;
2202;732;752;35388;
2187;732;751;36408;
2187;731;753;37428;
2202;732;753;38448;
2216;732;753;39468;
2202;732;752;40488;
2211;729;753;41508;
2211;732;752;42528;
2221;731;753;43548;
2221;734;752;44568;
2221;732;754;45588;
2221;733;755;46608;
2231;729;753;47628;
2246;730;754;48648;
2255;732;753;49668;
2260;731;753;50688;
2260;732;754;51708;
2260;733;753;52728;
2265;732;753;53748;
2270;728;753;54768;
2270;732;753;55788;
2280;732;753;56804;
2285;732;753;57824;
2280;732;752;58844;
2285;732;751;59864;
2294;732;752;60884;
2304;732;752;61896;
2304;732;752;62916;
2324;732;752;63932;
2324;732;752;64952;
2329;732;752;432;
2338;734;753;1448;
2329;731;752;2460;
2338;732;753;3480;
2333;732;752;4492;
2338;731;752;5508;
2343;732;752;6528;
2363;732;751;7544;
2358;731;752;8564;
2358;731;752;9580;
2368;732;752;10596;
2377;728;752;11616;
2377;728;752;12632;
2392;728;753;13648;
2387;732;753;14668;
2387;728;753;15684;
2397;732;753;16704;
2387;728;753;17724;
2397;731;751;18744;
2387;729;752;19760;
2407;731;753;20780;
2407;729;754;21800;
2416;731;753;22820;
2421;731;751;23840;
2421;729;752;24860;
2431;729;751;25880;
2421;730;752;26900;
2421;729;749;27920;
2456;729;751;28932;
2475;731;751;29952;
2480;731;753;30972;
2480;731;753;31988;
2480;729;753;33004;
2480;728;753;34024;
2495;728;753;35040;
2504;730;755;36060;
2490;728;753;37072;
2490;728;752;38092;
2495;729;753;39108;
2495;729;753;40128;
2514;730;752;41140;
2534;730;753;42160;
2519;728;752;43176;
2529;728;752;44196;
2553;728;753;45216;
2534;729;753;46236;
2548;728;753;47256;
2563;728;753;48276;
2558;728;753;49296;
2568;728;753;50316;
2568;727;753;51336;
2573;726;753;52348;
2573;726;752;53368;
2587;727;753;54384;
2597;728;754;55404;
2578;727;753;56420;
2578;726;753;57440;
2607;726;752;58452;
2597;727;751;59472;
2617;727;755;60492;
2617;726;755;61512;
2631;726;752;62532;
2636;726;752;63548;
2646;724;753;64572;
2651;724;752;52;
2651;721;753;1064;
2661;720;752;2084;
2656;722;753;3104;
2661;719;752;4124;
2670;723;753;5140;
2685;724;753;6160;
2685;721;754;7180;
2685;721;753;8204;
2685;719;753;9228;
2700;721;753;10244;
2700;722;754;11264;
2705;721;753;12284;
2705;716;753;13304;
2709;719;753;14316;
2714;721;754;15336;
2719;719;752;16356;
2734;720;753;17376;
2739;719;754;18396;
2734;721;754;19416;
2739;718;753;20436;
2739;719;752;21456;
2739;715;752;22476;
2749;718;753;23500;
2749;719;752;24520;
2753;719;753;25540;
2763;719;752;26560;
2773;719;753;27580;
2773;719;753;28600;
2773;715;752;29616;
2773;718;753;30636;
2792;719;752;31656;
2802;719;753;32676;
2802;719;753;33696;
2797;719;753;34712;
2802;719;753;35732;
2792;718;753;36752;
2807;719;751;37772;
2802;716;752;38796;
2827;718;753;39816;
2827;719;752;40836;
2817;718;752;41856;
2841;719;753;42876;
2841;716;753;43900;
2841;716;753;44920;
2841;716;752;45936;
2866;719;754;46956;
2856;718;753;47976;
2846;716;753;48996;
2871;717;753;50016;
2871;716;753;51036;
2871;713;753;52056;
2856;716;752;53076;
2875;717;752;54096;
2880;716;752;55116;
2885;716;755;56136;
2880;715;752;57156;
2890;716;754;58176;
2885;715;752;59196;
2905;716;754;60216;
2885;714;752;61236;
2895;714;752;62256;
2900;716;753;63276;
2915;711;753;64296;
2919;715;755;65316;
2910;715;752;800;
2905;715;752;1812;
2929;716;753;2828;
2934;713;754;3840;
2929;713;753;4856;
2934;713;754;5872;
2934;715;753;6884;
2929;715;755;7896;
2949;713;753;8908;
2944;711;753;9932;
2949;713;752;10956;
2958;713;753;11976;
2944;713;751;12996;
2944;713;753;14016;
2949;714;751;15036;
2968;713;752;16056;
2949;711;752;17076;
2949;713;752;18096;
2968;713;753;19116;
2973;713;753;20136;
2978;713;753;21156;
2954;711;752;22176;
2983;712;753;23196;
2973;713;753;24216;
2963;712;752;25236;
2973;713;752;26256;
2973;713;752;27276;
2983;713;752;28296;
2983;713;752;29316;
2983;711;752;30336;
2998;713;752;31356;
3002;713;752;32376;
3002;711;752;33396;
2993;712;751;34416;
2993;711;752;35436;
3002;712;753;36456;
2998;711;752;37476;
3002;713;752;38496;
2993;712;753;39516;
3002;711;753;40536;
2983;711;752;41556;
2998;711;752;42576;
2988;711;752;43596;
3007;711;753;44616;
3012;712;751;45636;
3002;713;752;46656;
3012;713;754;47676;
3002;711;751;48700;
3002;711;752;49720;
3002;713;755;50744;
3012;713;752;51764;
3002;712;752;52784;
3002;711;752;53808;
3022;711;753;54828;
3012;712;752;55848;
3012;711;752;56868;
3012;710;752;57888;
3002;711;753;58908;
3027;712;754;59928;
3027;713;754;60948;
3012;711;752;61968;
3027;712;754;62988;
3002;711;752;64008;
3027;711;753;65028;
3022;712;753;512;
3002;713;753;1524;
3022;711;752;2536;
3027;713;752;3552;
3027;711;754;4564;
3027;710;753;5584;
3027;711;754;6604;
3007;709;752;7624;
3012;710;752;8644;
3012;712;752;9664;
3002;711;753;10676;
3002;711;752;11696;
3012;712;753;12712;
2988;712;751;13732;
3002;711;751;14748;
3002;711;752;15768;
3002;711;752;16784;
3002;713;753;17800;
3012;711;755;18820;
3012;712;752;19836;
3002;711;754;20856;
3012;711;753;21876;
3002;710;753;22896;
3002;711;752;23916;
2993;711;753;24936;
3002;711;754;25952;
3002;712;755;26972;
3002;710;753;27988;
2998;712;752;29008;
2983;711;753;30028;
2993;711;752;31048;
2983;710;752;32064;
2968;715;752;33084;
2988;712;754;34100;
2978;712;752;35120;
2968;712;752;36136;
2983;711;754;37156;
2988;711;752;38172;
2983;712;755;39192;
2978;713;751;40208;
2983;712;753;41228;
2983;712;753;42244;
2968;711;753;43260;
2978;712;753;44280;
2954;711;753;45296;
2958;711;752;46316;
2949;710;753;47332;
2958;713;753;48352;
2929;711;753;49368;
2949;713;752;50388;
2944;711;752;51404;
2934;712;752;52424;
2954;713;752;53444;
2929;711;752;54464;
2934;712;753;55484;
2934;713;752;56500;
2944;713;753;57520;
2934;711;753;58536;
2929;710;752;59556;
2929;711;753;60572;
2924;712;752;61592;
2905;710;752;62612;
2915;711;752;63632;
2919;711;754;64652;
2919;711;753;132;
2910;712;754;1144;
2900;711;752;2156;
2910;713;752;3176;
2885;711;752;4196;
2905;711;753;5208;
2895;711;753;6220;
2895;711;754;7240;
2871;711;755;8256;
2885;713;752;9280;
2875;711;753;10292;
2885;713;753;11312;
2856;711;752;12328;
2856;712;752;13348;
2856;711;752;14364;
2846;711;750;15388;
2841;712;753;16412;
2846;711;754;17432;
2846;710;753;18460;
2846;711;753;19480;
2846;711;753;20508;
2846;711;753;21528;
2841;710;753;22548;
2841;713;753;23572;
2827;711;753;24592;
2792;712;751;25616;
2807;713;751;26644;
2807;713;753;27668;
2817;712;753;28688;
2802;711;753;29716;
2802;711;753;30744;
2807;711;754;31764;
2788;713;752;32788;
2773;712;752;33812;
2778;711;752;34836;
2788;713;754;35860;
2778;711;754;36884;
2778;711;753;37908;
2778;711;753;38932;
2773;710;754;39948;
2758;711;753;40968;
2763;709;753;41984;
2749;711;753;43004;
2753;711;753;44024;
2734;708;752;45044;
2729;711;753;46064;
2734;713;753;47084;
2734;711;753;48104;
2705;711;752;49116;
2714;712;752;50136;
2695;712;752;51152;
2690;713;752;52172;
2695;713;752;53192;
2700;715;752;54212;
2690;713;753;55232;
2690;713;752;56252;
2685;713;753;57272;
2675;712;752;58292;
2661;712;752;59312;
2651;711;751;60332;
2651;712;752;61352;
2646;714;752;62372;
2646;713;752;63392;
2636;713;752;64412;
2636;713;752;65432;
2631;711;752;916;
2622;713;752;1932;
2636;713;753;2944;
2631;711;754;3960;
2617;712;753;4972;
2617;713;752;5984;
2592;713;751;7004;
2602;713;752;8024;
2573;713;752;9048;
2592;711;753;10068;
2578;713;752;11088;
2573;711;753;12108;
2578;712;752;13128;
2539;712;751;14148;
2568;712;752;15168;
2563;711;753;16188;
2543;713;752;17212;
2553;711;753;18232;
2534;715;752;19252;
2534;711;752;20272;
2529;713;753;21292;
2534;712;753;22312;
2519;713;752;23332;
2534;713;755;24356;
2529;711;754;25376;
2514;712;755;26388;
2509;713;752;27400;
2504;711;753;28420;
2495;711;750;29440;
2480;711;752;30460;
2485;713;752;31480;
2475;713;753;32500;
2480;714;752;33520;
2465;713;752;34540;
2465;714;752;35560;
2456;713;751;36580;
2460;715;753;37600;
2441;713;753;38620;
2451;715;752;39640;
2436;715;753;40660;
2436;716;752;41680;
2431;716;752;42700;
2426;715;752;43720;
2421;715;752;44740;
2416;716;752;45760;
2402;716;753;46780;
2397;717;753;47800;
2402;716;752;48820;
2382;717;752;49840;
2377;716;753;50860;
2377;717;752;51880;
2377;717;753;52900;
2377;718;753;53920;
2363;716;752;54940;
2358;716;752;55960;
2358;717;752;56980;
2343;718;752;58000;
2343;718;752;59024;
2343;718;751;60040;
2338;718;751;61060;
2324;718;752;62080;
2329;719;752;63100;
2324;719;753;64120;
2324;719;752;65140;
2319;719;752;624;
2309;719;752;1636;
2324;719;753;2648;
2294;718;752;3660;
2285;719;752;4672;
2294;719;752;5692;
2280;719;752;6712;
2280;721;752;7732;
2280;721;753;8748;
2280;719;753;9768;
2280;719;752;10788;
2280;722;752;11808;
2265;721;753;12828;
2265;720;752;13848;
2260;721;754;14872;
2246;723;752;15892;
2246;722;752;16912;
2246;721;752;17928;
2231;721;752;18948;
2241;723;753;19968;
2231;723;752;20988;
2221;722;753;22008;
2226;723;752;23028;
2221;722;755;24048;
2221;724;753;25068;
2216;724;753;26088;
2216;725;753;27108;
2202;723;754;28128;
2192;723;754;29148;
2187;723;753;30168;
2192;723;753;31188;
2192;726;752;32204;
2187;726;752;33224;
2172;724;752;34244;
2167;726;753;35264;
2167;725;753;36276;
2167;724;754;37296;
2167;725;753;38316;
2163;726;752;39336;
2138;723;753;40348;
2148;727;753;41372;
2119;725;754;42388;
2133;728;753;43408;
2133;728;752;44420;
2148;728;751;45440;
2128;728;751;46460;
2128;728;751;47480;
2133;729;752;48492;
2124;728;753;49508;
2114;726;752;50528;
2124;728;753;51548;
2114;728;755;52560;
2104;728;753;53576;
2109;728;753;54596;
2089;731;751;55616;
2104;729;750;56628;
2099;731;752;57644;
2104;729;753;58660;
2089;729;753;59680;
2104;729;753;60696;
2099;729;753;61712;
2094;729;753;62732;
2089;728;754;63752;
2084;728;753;64772;
2084;730;752;256;
2080;728;753;1268;
2084;731;751;2280;
2075;730;752;3300;
2060;731;753;4320;
2065;731;752;5332;
2065;728;752;6352;
2075;728;754;7368;
2060;728;752;8384;
2065;729;753;9404;
2045;728;754;10420;
2045;729;753;11440;
2045;729;752;12452;
2041;731;752;13472;
2045;731;752;14492;
2050;730;752;15504;
2050;729;753;16524;
2045;730;753;17536;
2041;728;753;18556;
2041;729;753;19576;
2041;729;753;20588;
2036;731;752;21600;
2036;731;753;22620;
2031;731;752;23640;
2011;731;753;24660;
2026;731;753;25680;
2045;731;751;26696;
2031;732;751;27716;
2036;732;751;28736;
2026;731;752;29756;
2026;732;752;30776;
2026;729;754;31788;
2026;731;753;32804;
2026;729;753;33824;
2016;728;753;34840;
2026;728;755;35868;
2026;729;754;36892;
2026;730;753;37912;
2026;732;753;38936;
2011;732;752;39956;
2026;731;753;40972;
2026;732;752;41996;
2011;732;752;43016;
2021;732;753;44040;
2011;732;752;45052;
2016;731;753;46072;
2026;731;752;47088;
2021;732;753;48108;
2011;729;753;49128;
2021;731;753;50148;
2026;729;755;51168;
2026;731;754;52184;
2026;731;753;53204;
2011;729;755;54220;
2026;732;753;55240;
2021;729;753;56260;
2016;730;753;57280;
2026;729;754;58300;
2011;732;753;59320;
2021;731;753;60340;
2021;729;754;61360;
2011;732;753;62380;
2026;730;753;63400;
2021;732;753;64420;
2031;732;754;65440;
2026;728;753;924;
2016;729;753;1944;
2011;732;753;2956;
2021;732;753;3968;
2026;732;755;4980;
2026;732;753;5996;
2036;732;753;7016;
2026;731;753;8036;
2041;731;754;9056;
2036;732;753;10076;
2045;729;753;11096;
2036;732;753;12116;
2045;731;753;13136;
2036;732;754;14156;
2036;732;753;15176;
2045;732;755;16196;
2041;732;753;17216;
2045;730;753;18236;
2055;731;753;19256;
2055;732;753;20276;
2045;731;753;21296;
2050;731;753;22316;
2050;730;753;23340;
2065;732;752;24364;
2065;732;753;25384;
2065;732;753;26400;
2065;729;753;27420;
2060;729;753;28432;
2065;731;754;29452;
2075;730;753;30472;
2084;730;754;31492;
2084;729;754;32512;
2065;729;753;33532;
2075;729;753;34552;
2080;732;753;35568;
2075;732;752;36588;
2075;729;752;37608;
2089;731;753;38628;
2089;732;753;39648;
2099;732;753;40664;
2084;732;752;41688;
2089;732;753;42704;
2084;732;752;43724;
2089;732;752;44744;
2099;733;751;45764;
2109;733;752;46780;
2114;732;753;47800;
2114;732;752;48820;
2109;732;753;49840;
2114;731;753;50860;
2124;732;753;51880;
2124;732;752;52900;
2109;731;752;53924;
2124;732;751;54944;
2109;731;752;55964;
2119;732;751;56984;
2124;732;755;58004;
2128;732;751;59024;
2138;732;753;60044;
2138;732;751;61064;
2148;732;752;62080;
2163;732;751;63100;
2148;731;752;64120;
2163;731;752;65140;
2163;731;752;624;
2167;732;752;1636;
2192;732;753;2648;
2187;732;753;3660;
2167;732;751;4676;
2167;731;751;5688;
2192;732;752;6708;
2207;733;751;7728;
2202;732;754;8748;
2221;732;751;9768;
2216;732;753;10788;
2216;732;753;11808;
2221;732;752;12820;
2216;728;753;13840;
2221;731;754;14860;
2236;728;752;15880;
2246;731;754;16900;
2250;734;754;17920;
2255;732;752;18940;
2250;729;752;19960;
2260;730;753;20980;
2255;732;753;22000;
2260;732;753;23024;
2265;731;753;24044;
2265;732;752;25068;
2270;732;753;26088;
2280;732;753;27108;
2285;732;753;28128;
2275;732;752;29148;
2304;732;753;30168;
2304;732;753;31188;
2309;734;753;32200;
2319;732;753;33220;
2324;730;753;34240;
2329;731;752;35256;
2324;732;754;36280;
2324;731;752;37300;
2343;732;752;38324;
2343;733;753;39336;
2348;731;753;40356;
2348;729;753;41372;
2353;729;754;42388;
2348;732;752;43408;
2358;732;754;44420;
2353;731;752;45440;
2377;732;754;46456;
2373;731;753;47476;
2382;731;753;48492;
2397;731;753;49512;
2392;731;753;50528;
2402;729;753;51548;
2402;729;753;52564;
2402;729;753;53576;
2397;730;753;54592;
2397;731;752;55612;
2412;731;752;56628;
2421;729;752;57648;
2426;731;750;58664;
2436;729;751;59684;
2436;730;752;60704;
2451;730;752;61724;
2441;731;752;62740;
2460;729;752;63760;
2465;731;753;64772;
2465;729;754;256;
2480;729;754;1268;
2480;729;755;2288;
2475;731;753;3308;
2490;729;753;4328;
2480;729;753;5340;
2495;729;752;6352;
2500;728;753;7372;
2509;728;753;8388;
2504;728;754;9408;
2519;729;753;10428;
2514;728;753;11448;
2534;728;753;12468;
2534;728;753;13484;
2534;726;753;14500;
2553;728;754;15524;
2553;728;752;16544;
2558;726;753;17564;
2563;726;754;18580;
2573;728;753;19600;
2568;728;753;20616;
2573;728;753;21636;
2583;727;753;22656;
2592;728;753;23680;
2573;727;753;24692;
2578;727;751;25712;
2592;728;752;26728;
2612;728;752;27748;
2617;726;752;28764;
2617;726;753;29784;
2622;726;754;30796;
2631;723;754;31816;
2626;725;753;32836;
2641;726;753;33860;
2641;724;752;34880;
2651;724;753;35904;
2646;725;754;36916;
2661;723;753;37936;
2661;723;753;38956;
2670;722;753;39972;
2675;721;753;40992;
2685;723;753;42012;
2685;723;753;43032;
2690;719;752;44056;
2690;721;753;45084;
2700;721;754;46104;
2690;721;753;47132;
2690;720;752;48156;
2700;720;754;49180;
2714;719;754;50204;
2724;719;753;51228;
2729;719;753;52252;
2729;719;752;53272;
2714;719;752;54300;
2729;721;753;55324;
2749;719;754;56348;
2739;718;755;57372;
2753;718;753;58392;
2753;719;753;59416;
2758;720;753;60444;
2768;719;754;61468;
2768;719;750;62488;
2763;719;751;63516;
2778;719;753;64540;
2778;719;754;28;
2792;718;753;1052;
2783;717;753;2072;
2797;716;753;3096;
2802;717;752;4120;
2802;718;752;5136;
2807;719;753;6160;
2807;719;751;7184;
2807;717;752;8212;
2817;717;753;9236;
2807;716;752;10260;
2832;716;753;11284;
2841;715;753;12308;
2841;719;754;13332;
2846;718;753;14356;
2827;716;751;15384;
2841;716;752;16408;
2856;716;753;17432;
2866;715;753;18456;
2856;715;753;19480;
2856;718;753;20508;
2875;716;753;21524;
2866;716;752;22552;
2856;716;751;23576;
2885;716;753;24600;
2880;716;755;25624;
2871;713;752;26648;
2895;713;753;27672;
2890;714;753;28696;
2905;716;753;29720;
2895;715;752;30744;
2895;716;752;31768;
2895;715;751;32792;
2900;714;753;33816;
2905;713;753;34840;
2919;714;753;35864;
2919;715;753;36888;
2919;718;753;37908;
2919;713;753;38928;
2929;714;753;39948;
2929;713;753;40968;
2934;715;752;41988;
2929;713;751;43016;
2929;715;752;44040;
2963;715;755;45064;
2949;713;753;46088;
2949;713;752;47112;
2949;711;753;48136;
2949;711;752;49160;
2949;713;753;50180;
2949;712;752;51204;
2944;713;752;52228;
2958;715;755;53256;
2963;714;753;54280;
2968;711;753;55308;
2973;713;753;56332;
2968;713;752;57360;
2973;712;752;58388;
2983;713;753;59412;
2973;711;753;60436;
2988;713;753;61464;
2983;713;754;62488;
2968;713;752;63512;
2983;713;754;64540;
2978;710;752;24;
2983;711;753;1044;
2983;711;753;2068;
2998;712;753;3096;
2998;713;753;4124;
2983;713;753;5140;
2978;711;752;6168;
2998;713;755;7196;
3002;712;753;8220;
2998;711;752;9240;
3007;713;753;10264;
3002;712;753;11288;
3002;713;753;12316;
3002;712;752;13336;
3002;713;754;14364;
3002;713;753;15384;
3012;712;755;16408;
3007;711;753;17436;
3002;712;754;18460;
3012;712;753;19480;
3007;711;751;20508;
3002;712;752;21532;
2993;713;753;22552;
3012;711;753;23580;
3022;711;753;24604;
3022;711;754;25624;
3027;710;753;26648;
3022;711;753;27676;
3002;713;752;28700;
3002;712;752;29724;
3002;713;752;30744;
3027;713;753;31772;
3012;711;755;32792;
3017;710;752;33820;
3012;712;752;34844;
3007;712;752;35864;
2998;712;751;36892;
2998;711;752;37916;
3002;711;750;38936;
3002;711;752;39964;
3022;712;753;40984;
3022;709;752;42008;
3007;711;753;43036;
3007;712;753;44060;
3002;714;755;45080;
3012;711;753;46104;
3002;712;752;47132;
3022;713;754;48156;
3027;711;753;49180;
3007;711;753;50204;
3002;712;752;51224;
3002;712;753;52248;
3002;713;751;53276;
3002;713;754;54300;
3002;711;754;55324;
3007;713;753;56348;
3002;711;752;57368;
3002;712;753;58396;
3002;711;752;59420;
3002;711;755;60440;
3002;712;753;61464;
2988;711;752;62488;
2978;713;751;63516;
3002;712;754;64540;
2988;711;755;24;
2983;708;753;1052;
3002;713;752;2076;
2983;712;753;3100;
2983;713;753;4124;
2983;712;753;5140;
2988;711;753;6156;
2983;711;752;7184;
2968;712;752;8212;
2983;711;752;9236;
2968;711;754;10260;
2973;711;752;11288;
2973;713;752;12312;
2978;712;753;13332;
2963;713;752;14356;
2949;713;751;15384;
2968;712;753;16408;
2963;713;753;17432;
2949;710;753;18456;
2963;711;753;19480;
2958;711;753;20508;
2954;712;753;21532;
2949;713;753;22556;
2958;711;753;23580;
2954;711;753;24604;
2949;713;752;25628;
2934;713;753;26652;
2949;711;753;27672;
2934;713;752;28696;
2924;711;752;29720;
2924;712;752;30748;
2929;712;753;31768;
2929;713;754;32792;
2929;710;752;33816;
2919;710;752;34840;
2910;711;753;35864;
2905;712;753;36888;
2895;711;752;37912;
2885;713;752;38936;
2905;713;753;39964;
2885;711;753;40984;
2895;711;753;42008;
2890;711;754;43036;
2895;713;753;44060;
2880;711;752;45084;
2856;713;751;46108;
2871;712;752;47132;
2880;713;754;48156;
2871;712;755;49180;
2871;711;752;50204;
2866;711;753;51228;
2866;713;751;52252;
2856;711;752;53272;
2846;713;752;54300;
2832;711;753;55324;
2841;711;753;56344;
2841;711;753;57372;
2832;710;753;58396;
2827;713;753;59420;
2827;712;752;60444;
2822;711;750;61464;
2807;711;753;62492;
2807;711;755;63516;
2817;710;753;64540;
2807;710;754;28;
2807;707;752;1044;
2802;711;753;2072;
2797;712;751;3100;
2783;711;751;4120;
2778;711;753;5140;
2773;711;753;6160;
2773;712;752;7184;
2763;712;753;8208;
2768;713;752;9232;
2773;711;753;10260;
2763;711;753;11280;
2763;711;753;12304;
2753;710;753;13324;
2753;710;755;14344;
2749;711;753;15356;
2739;711;753;16376;
2729;711;754;17396;
2734;711;752;18416;
2714;711;753;19436;
2700;711;753;20456;
2714;711;753;21476;
2700;712;753;22496;
2709;711;755;23516;
2700;711;753;24540;
2690;711;754;25560;
2690;710;753;26576;
2690;712;753;27596;
2670;711;752;28616;
2661;713;752;29636;
2651;710;753;30656;
2675;712;755;31676;
2651;712;753;32696;
2651;713;753;33716;
2636;711;754;34732;
2631;713;752;35752;
2636;713;752;36772;
2631;713;752;37792;
2607;712;752;38812;
2617;712;753;39836;
2617;710;752;40856;
2607;713;754;41876;
2607;712;753;42896;
2607;713;752;43916;
2592;709;752;44936;
2592;711;752;45948;
2573;713;753;46960;
2573;713;751;47976;
2587;712;753;48996;
2578;711;753;50016;
2573;711;754;51040;
2563;714;753;52060;
2558;714;754;53080;
2558;713;751;54100;
2534;713;752;55120;
2534;713;752;56140;
2543;713;752;57160;
2519;713;752;58184;
2519;713;753;59204;
2519;712;752;60224;
2514;713;752;61244;
2500;713;752;62264;
2495;712;752;63284;
2490;711;752;64304;
2480;713;752;65324;
2490;713;753;808;
2495;714;752;1820;
2490;713;753;2832;
2460;711;752;3844;
2460;712;751;4856;
2451;713;752;5876;
2460;713;752;6896;
2441;711;752;7916;
2451;715;752;8936;
2446;715;753;9960;
2436;713;750;10980;
2426;713;753;12004;
2426;715;752;13024;
2416;715;751;14044;
2402;715;751;15064;
2407;714;752;16084;
2407;715;752;17104;
2387;716;752;18124;
2397;715;752;19144;
2387;715;753;20164;
2377;716;753;21188;
2368;716;752;22208;
2373;716;751;23228;
2363;716;753;24248;
2358;718;753;25268;
2358;718;752;26288;
2348;718;752;27308;
2348;718;752;28328;
2358;713;752;29348;
2343;718;752;30368;
2338;716;753;31388;
2343;717;753;32408;
2338;718;752;33428;
2314;719;753;34448;
2324;719;752;35468;
2319;717;753;36492;
2319;718;753;37512;
2304;718;753;38532;
2304;719;752;39552;
2309;719;754;40572;
2294;719;753;41592;
2294;719;753;42612;
2280;719;753;43632;
2280;718;752;44652;
2280;719;754;45672;
2260;719;753;46692;
2260;719;753;47712;
2255;719;754;48728;
2246;721;755;49748;
2260;721;753;50768;
2246;721;753;51788;
2250;721;752;52808;
2226;723;752;53828;
2221;721;753;54848;
2231;723;753;55868;
2226;726;752;56888;
2216;723;755;57908;
2216;724;752;58928;
2216;724;753;59948;
2202;725;752;60968;
2192;723;753;61988;
2187;726;754;63008;
2202;723;753;64028;
2187;727;754;65048;
2187;728;752;532;
2167;728;752;1544;
2187;728;753;2556;
2177;728;753;3580;
2177;728;752;4592;
2167;728;753;5608;
2167;726;753;6628;
2167;726;753;7644;
2167;728;753;8664;
2148;728;751;9680;
2143;728;752;10692;
2148;728;753;11712;
2148;728;752;12732;
2138;728;753;13748;
2124;728;753;14768;
2138;728;752;15788;
2124;728;752;16808;
2124;728;752;17828;
2133;727;753;18840;
2124;727;754;19852;
2114;727;753;20872;
2124;728;753;21892;
2109;727;753;22904;
2099;728;753;23924;
2109;728;753;24944;
2104;728;753;25964;
2089;728;753;26984;
2089;728;752;28000;
2084;728;753;29020;
2084;729;753;30040;
2099;728;752;31052;
2094;728;754;32072;
2089;728;753;33084;
2084;729;753;34104;
2084;728;753;35124;
2089;728;754;36140;
2084;728;753;37160;
2084;728;753;38180;
2084;728;754;39196;
2065;727;753;40216;
2065;727;753;41240;
2060;728;753;42252;
2060;731;752;43272;
2060;729;752;44284;
2065;729;752;45296;
2060;730;751;46316;
2065;731;752;47336;
2065;731;752;48356;
2041;728;753;49372;
2045;728;754;50392;
2060;729;753;51408;
2055;729;753;52428;
2041;728;754;53448;
2036;728;753;54468;
2036;729;754;55484;
2050;728;754;56504;
2026;729;752;57524;
2016;728;753;58536;
2016;731;750;59556;
2026;732;751;60568;
2026;732;752;61588;
2031;731;752;62608;
2026;731;751;63632;
2011;730;752;64652;
2021;731;752;136;
2026;732;752;1156;
2021;732;752;2176;
2021;731;753;3188;
2026;731;754;4208;
2026;730;755;5220;
2021;730;754;6232;
2021;732;753;7252;
2016;732;753;8264;
2021;732;752;9284;
2011;732;753;10304;
2016;732;752;11316;
2011;732;752;12336;
2026;731;754;13356;
2026;732;753;14372;
2026;731;753;15392;
2021;731;754;16408;
2026;734;753;17436;
2026;731;753;18460;
2021;731;752;19476;
2006;732;752;20500;
2021;732;753;21524;
2021;733;752;22544;
2011;732;752;23564;
2001;732;750;24588;
1997;732;752;25608;
2001;733;752;26624;
2011;732;752;27644;
2011;732;753;28664;
2021;733;752;29684;
2011;732;752;30704;
2011;729;754;31724;
2011;733;752;32744;
2021;732;752;33764;
2011;732;752;34784;
2026;732;754;35804;
2026;733;752;36824;
2026;732;752;37844;
2026;732;751;38856;
2026;731;753;39876;
2036;732;751;40896;
2031;731;752;41916;
2026;731;751;42936;
2031;732;753;43956;
2036;732;752;44976;
2045;731;753;46000;
2036;732;752;47020;
2045;732;752;48040;
2041;732;751;49060;
2036;729;751;50080;
2026;732;752;51100;
2036;731;753;52120;
2045;732;752;53140;
2060;732;754;54160;
2045;732;752;55180;
2045;731;752;56200;
2065;732;752;57220;
2045;731;753;58240;
2026;732;750;59260;
2050;733;753;60280;
2065;732;752;61296;
2065;731;753;62316;
2060;730;754;63336;
2075;732;753;64356;
2075;731;752;65376;
2080;732;753;860;
2065;729;754;1872;
2080;731;753;2884;
2065;732;750;3896;
2075;731;754;4908;
2084;728;754;5920;
2075;729;753;6940;
2089;729;753;7960;
2084;729;752;8980;
2099;728;753;9996;
2084;732;753;11016;
2094;731;753;12032;
2099;732;752;13052;
2070;731;753;14072;
2099;732;751;15092;
2109;729;753;16112;
2094;732;755;17132;
2109;732;752;18148;
2104;732;752;19168;
2119;732;752;20188;
2114;732;752;21208;
2114;732;752;22228;
2124;732;751;23240;
2128;732;753;24264;
2128;731;750;25280;
2143;732;752;26300;
2138;732;752;27320;
2158;732;754;28340;
2148;732;751;29360;
2153;731;753;30380;
2167;732;752;31400;
2163;734;754;32420;
2167;731;752;33440;
2167;732;753;34460;
2182;734;753;35480;
2182;732;752;36500;
2177;733;752;37520;
2182;729;752;38540;
2182;731;752;39556;
2187;731;752;40576;
2192;731;752;41596;
2192;729;752;42616;
2197;729;753;43628;
2207;729;753;44648;
2202;728;753;45668;
2207;728;752;46688;
2211;729;753;47708;
2216;730;755;48724;
2221;732;752;49744;
2221;729;752;50764;
2221;731;753;51784;
2221;732;752;52804;
2241;728;755;53824;
2246;731;752;54844;
2246;732;752;55864;
2246;732;753;56880;
2241;732;752;57900;
2260;732;752;58920;
2255;728;754;59940;
2270;733;752;60960;
2280;729;753;61980;
2275;732;753;63000;
2275;734;751;64020;
2270;732;753;65040;
2294;732;753;524;
2304;732;751;1536;
2319;732;753;2548;
2319;730;753;3560;
2319;731;755;4572;
2309;731;753;5592;
2304;732;752;6612;
2324;732;752;7632;
2319;732;753;8648;
2329;732;751;9668;
2348;732;752;10684;
2353;731;753;11704;
2348;731;752;12720;
2353;732;753;13740;
2358;731;753;14756;
2373;732;753;15776;
2377;731;753;16792;
2382;729;755;17812;
2373;728;752;18824;
2382;731;752;19844;
2377;732;753;20856;
2377;731;752;21876;
2397;731;752;22896;
2382;730;755;23916;
2402;731;752;24936;
2412;729;751;25952;
2421;729;752;26972;
2431;732;753;27992;
2421;731;752;29012;
2426;729;752;30028;
2441;729;751;31052;
2446;731;752;32072;
2436;729;752;33092;
2465;731;752;34104;
2460;729;754;35124;
2460;728;753;36136;
2475;728;752;37156;
2485;728;753;38176;
2490;728;753;39196;
2495;728;753;40220;
2485;728;752;41236;
2495;728;753;42256;
2500;726;753;43272;
2514;729;753;44292;
2500;729;753;45308;
2504;727;753;46332;
2514;728;753;47352;
2519;729;753;48368;
2514;728;750;49388;
2519;728;752;50404;
2529;728;752;51424;
2558;729;752;52440;
2548;728;752;53460;
2558;728;750;54480;
2573;728;751;55500;
2573;728;752;56520;
2573;728;754;57532;
2592;728;752;58556;
2573;728;753;59576;
2592;728;752;60592;
2597;726;753;61612;
2597;727;753;62632;
2607;727;753;63652;
2607;725;753;64672;
2617;724;752;148;
2612;726;752;1160;
2622;727;755;2180;
2636;724;752;3200;
2636;726;753;4220;
2651;726;752;5232;
2646;724;753;6252;
2651;724;753;7272;
2661;723;751;8288;
2656;723;752;9308;
2661;723;752;10324;
2670;721;753;11344;
2675;721;752;12356;
2675;721;752;13376;
2670;721;753;14388;
2670;719;753;15408;
2690;720;752;16428;
2695;721;752;17448;
2690;720;752;18464;
2675;719;751;19484;
2709;720;752;20508;
2700;720;751;21532;
2734;721;753;22556;
2734;721;754;23576;
2734;718;752;24600;
2724;717;753;25624;
2734;720;752;26648;
2734;719;752;27672;
2749;719;751;28692;
2734;719;751;29716;
2739;719;752;30744;
2763;716;752;31768;
2773;715;752;32792;
2773;717;753;33816;
2773;719;753;34840;
2778;719;753;35860;
2783;719;753;36884;
2792;719;752;37912;
2792;719;752;38936;
2802;719;753;39956;
2807;719;753;40980;
2807;717;753;42008;
2807;718;752;43028;
2807;717;752;44052;
2807;718;753;45072;
2807;717;751;46100;
2807;718;751;47124;
2807;716;751;48144;
2817;716;750;49164;
2846;718;753;50188;
2846;716;752;51212;
2856;715;753;52236;
2841;716;752;53260;
2861;716;753;54284;
2871;717;753;55308;
2846;718;751;56332;
2866;716;752;57360;
2871;716;752;58384;
2871;713;752;59408;
2871;712;753;60428;
2871;713;752;61456;
2885;716;752;62480;
2866;716;752;63504;
2880;714;752;64528;
2905;716;753;16;
2885;712;752;1040;
2885;713;752;2064;
2905;715;753;3088;
2905;715;752;4116;
2919;715;755;5132;
2924;716;753;6152;
2919;716;752;7176;
2919;716;752;8204;
2915;716;751;9220;
2934;714;753;10248;
2929;713;753;11272;
2929;711;753;12296;
2934;711;753;13308;
2929;713;755;14328;
2944;713;754;15344;
2934;715;753;16364;
2929;713;753;17384;
2949;715;753;18404;
2924;713;753;19424;
2944;713;752;20444;
2929;715;752;21464;
2934;713;752;22484;
2963;715;752;23504;
2963;715;755;24524;
2949;713;752;25544;
2949;712;752;26564;
2958;713;753;27584;
2968;713;751;28604;
2954;713;752;29628;
2978;713;753;30648;
2968;712;752;31668;
2973;711;752;32688;
3002;712;755;33708;
2973;710;752;34732;
2968;710;752;35752;
2998;713;753;36772;
2983;712;752;37792;
2988;711;752;38812;
2993;713;753;39832;
3002;711;754;40852;
3002;711;753;41872;
3002;712;754;42892;
3002;711;753;43912;
2998;713;752;44932;
3002;711;753;45952;
3002;711;753;46972;
3002;710;752;47992;
3002;711;752;49012;
2998;713;753;50032;
3007;711;752;51052;
3002;712;753;52072;
3022;712;753;53092;
3002;711;753;54112;
3017;713;753;55132;
3007;711;753;56152;
3012;713;753;57172;
3022;713;754;58192;
3007;711;752;59212;
3007;710;753;60232;
3027;712;752;61252;
3007;711;753;62272;
3002;712;752;63292;
3012;711;752;64312;
3022;712;753;65332;
3002;711;752;816;
3002;711;753;1828;
3002;711;751;2840;
3017;713;753;3852;
3022;711;753;4864;
3027;712;753;5884;
3017;711;753;6904;
3027;713;753;7924;
3027;713;753;8944;
3027;710;754;9960;
3027;713;753;10980;
3027;712;754;12000;
3027;713;753;13020;
3027;713;753;14044;
3012;711;754;15060;
3027;712;752;16080;
3022;713;753;17100;
3012;712;753;18120;
3012;713;753;19140;
3012;713;753;20160;
2998;711;752;21176;
3002;711;753;22196;
3002;713;752;23216;
3002;713;751;24236;
3002;712;751;25256;
3007;711;754;26276;
2998;712;752;27296;
2998;713;752;28316;
2988;712;752;29336;
2983;712;752;30356;
2983;711;753;31376;
2998;712;753;32396;
2998;713;752;33416;
2973;711;751;34436;
2983;713;751;35456;
2998;712;753;36476;
2993;711;753;37496;
2978;711;752;38516;
2968;712;751;39540;
2993;708;754;40560;
2983;712;753;41580;
2993;711;753;42600;
2973;713;752;43620;
2983;709;753;44640;
2983;713;753;45660;
2978;707;753;46680;
2978;711;752;47704;
2973;712;754;48724;
2978;711;755;49744;
2973;711;753;50768;
2968;711;753;51788;
2968;711;753;52808;
2963;711;753;53828;
2963;711;753;54848;
2963;713;754;55872;
2958;711;755;56892;
2949;711;754;57912;
2949;711;753;58932;
2958;711;752;59952;
2944;711;754;60972;
2949;711;752;61992;
2949;711;753;63012;
2944;712;751;64032;
2934;710;753;65052;
2929;711;753;536;
2934;711;753;1548;
2905;711;753;2560;
2919;713;752;3572;
2915;713;753;4584;
2910;710;753;5604;
2910;711;752;6624;
2919;711;753;7644;
2910;710;754;8664;
2895;711;754;9684;
2905;712;753;10704;
2900;713;753;11720;
2885;711;753;12740;
2885;711;753;13756;
2885;710;753;14776;
2885;711;753;15796;
2880;710;753;16816;
2875;711;753;17836;
2880;711;755;18856;
2871;711;753;19880;
2861;711;752;20900;
2866;711;753;21920;
2856;711;753;22940;
2846;711;753;23956;
2846;710;753;24976;
2832;711;753;25992;
2841;713;753;27012;
2827;710;753;28028;
2832;713;752;29048;
2812;711;753;30064;
2822;712;752;31084;
2817;711;752;32100;
2812;713;753;33120;
2817;713;752;34136;
2802;713;753;35156;
2802;711;752;36176;
2802;712;753;37196;
2802;712;753;38212;
2792;712;753;39228;
2792;711;754;40248;
2788;711;753;41264;
2778;711;753;42284;
2773;711;754;43300;
2773;713;752;44320;
2763;711;753;45336;
2763;711;753;46356;
2749;711;753;47372;
2749;713;752;48392;
2739;713;753;49408;
2744;713;752;50428;
2739;712;751;51448;
2734;711;752;52468;
2734;713;751;53488;
2729;714;752;54500;
2714;711;753;55520;
2729;711;754;56536;
2700;713;753;57560;
2690;713;753;58580;
2709;712;752;59600;
2700;712;754;60620;
2690;713;753;61636;
2675;711;753;62660;
2675;711;752;63680;
2685;715;753;64704;
2670;713;751;188;
2670;711;752;1200;
2666;711;755;2220;
2651;711;754;3240;
2651;711;753;4260;
2626;711;752;5272;
2622;711;752;6284;
2617;711;752;7304;
2617;711;752;8320;
2631;713;751;9336;
2622;711;753;10356;
2622;714;752;11372;
2612;713;753;12392;
2612;713;752;13416;
2612;713;752;14436;
2602;713;752;15452;
2592;713;752;16472;
2583;711;753;17488;
2583;711;753;18508;
2563;711;754;19520;
2563;711;751;20540;
2568;711;754;21556;
2558;712;753;22576;
2534;711;751;23592;
2534;711;751;24612;
2553;714;752;25624;
2534;713;752;26652;
2534;713;753;27676;
2514;712;753;28696;
2504;710;753;29720;
2514;711;752;30744;
2509;711;753;31772;
2500;713;753;32792;
2480;713;752;33820;
2480;713;751;34840;
2465;712;750;35864;
2475;713;752;36888;
2490;710;755;37912;
2475;711;753;38936;
2460;713;753;39960;
2465;713;753;40988;
2456;713;752;42012;
2456;713;753;43032;
2436;713;753;44056;
2451;713;754;45084;
2426;711;754;46108;
2436;714;754;47132;
2441;713;753;48156;
2426;715;753;49180;
2421;716;752;50204;
2421;716;753;51224;
2402;717;753;52252;
2412;716;753;53272;
2402;715;753;54300;
2377;715;753;55324;
2402;716;754;56344;
2387;716;753;57368;
2382;718;752;58392;
2368;718;752;59420;
2363;717;752;60440;
2358;719;753;61464;
2358;716;752;62492;
2343;716;753;63512;
2348;717;752;64540;
2343;719;750;28;
2338;719;752;1044;
2324;718;752;2072;
2319;720;751;3100;
2333;719;753;4124;
2324;719;753;5140;
2324;719;754;6164;
2324;719;752;7188;
2319;719;753;8212;
2304;720;751;9236;
2294;720;750;10264;
2280;721;755;11292;
2280;723;752;12312;
2280;723;753;13332;
2280;723;752;14356;
2280;722;753;15376;
2280;720;754;16396;
2265;719;752;17424;
2270;721;753;18448;
2255;721;752;19472;
2246;723;752;20496;
2246;723;753;21516;
2241;722;751;22536;
2236;724;752;23556;
2236;723;752;24568;
2221;723;752;25588;
2231;724;752;26608;
2221;726;753;27628;
2221;724;753;28648;
2221;723;753;29664;
2221;723;755;30680;
2221;723;753;31700;
2207;724;753;32720;
2187;723;752;33740;
2192;724;752;34760;
2202;724;754;35780;
2202;723;753;36800;
2177;724;752;37820;
2182;724;754;38840;
2187;726;753;39860;
2177;724;753;40884;
2167;726;753;41904;
2167;723;753;42924;
2167;725;753;43944;
2153;724;755;44960;
2158;726;755;45980;
2158;726;753;47000;
2148;724;753;48020;
2148;728;754;49040;
2148;727;753;50060;
2143;726;753;51080;
2138;728;752;52100;
2143;726;754;53120;
2124;728;753;54140;
2124;724;752;55156;
2109;728;752;56176;
2124;729;753;57196;
2094;728;752;58208;
2089;728;750;59228;
2109;729;753;60248;
2109;729;750;61260;
2104;729;751;62280;
2080;729;752;63300;
2089;728;753;64320;
2104;731;752;65340;
2089;728;753;824;
2089;728;753;1836;
2075;727;752;2848;
2065;731;752;3860;
2084;729;752;4872;
2089;729;753;5884;
2084;728;752;6904;
2089;729;754;7924;
2065;726;752;8936;
2065;731;755;9956;
2065;728;752;10976;
2060;730;753;11996;
2065;729;753;13016;
2060;729;752;14036;
2050;728;752;15056;
2060;728;752;16080;
2065;728;753;17100;
2050;731;754;18120;
2055;728;753;19140;
2060;729;754;20160;
2045;728;753;21176;
2036;731;753;22196;
2045;732;753;23216;
2041;728;754;24236;
2045;732;754;25248;
2026;731;752;26260;
2045;729;752;27272;
2036;728;755;28292;
2036;729;752;29316;
2036;729;753;30336;
2041;731;753;31356;
2036;732;752;32376;
2045;731;753;33400;
2021;731;752;34420;
2026;730;752;35440;
2036;731;754;36460;
2026;730;748;37480;
2026;730;752;38500;
2026;732;748;39520;
2021;732;753;40540;
2021;731;752;41560;
2026;732;750;42580;
2026;732;748;43600;
2026;732;754;44620;
2016;732;752;45636;
2011;732;753;46656;
2011;732;752;47680;
2016;734;753;48700;
2021;732;752;49720;
2026;732;753;50740;
2011;732;749;51760;
2026;735;753;52780;
2011;732;752;53800;
2016;732;753;54820;
2026;732;752;55840;
2026;731;753;56860;
2026;732;750;57880;
2011;730;752;58900;
2011;731;748;59920;
2026;732;751;60940;
2011;731;752;61960;
2011;733;752;62980;
2016;733;752;64000;
2021;731;754;65020;
2011;730;753;504;
2011;731;753;1516;
2011;732;753;2528;
2011;732;755;3548;
2011;732;752;4568;
2026;732;752;5588;
2011;731;752;6600;
2026;733;752;7620;
2026;732;752;8632;
2026;732;751;9648;
2026;732;753;10668;
2036;733;753;11684;
2031;732;753;12704;
2026;729;753;13724;
2045;731;755;14740;
2026;729;754;15756;
2021;732;752;16776;
2011;732;752;17788;
2026;732;752;18808;
2026;732;753;19832;
2021;732;755;20848;
2026;732;754;21868;
2036;732;751;22888;
2045;732;751;23900;
2045;732;751;24920;
2036;732;752;25936;
2045;729;753;26956;
2045;729;752;27968;
2041;732;754;28984;
2055;731;753;30004;
2060;729;753;31024;
2055;731;754;32044;
2060;731;753;33064;
2050;731;752;34080;
2045;729;752;35104;
2050;731;754;36124;
2060;729;752;37140;
2050;729;753;38160;
2050;731;752;39176;
2060;732;752;40196;
2075;732;751;41216;
2065;732;753;42236;
2065;732;752;43256;
2089;732;752;44272;
2070;732;752;45292;
2089;732;752;46312;
2109;732;751;47332;
2099;732;752;48352;
2104;731;751;49372;
2084;732;751;50392;
2104;732;750;51408;
2109;732;755;52428;
2109;732;753;53440;
2109;731;754;54452;
2109;731;753;55472;
2104;732;753;56488;
2109;732;753;57508;
2114;732;753;58528;
2114;732;753;59548;
2128;731;751;60560;
2138;733;752;61576;
2138;731;752;62596;
2148;732;752;63612;
2153;734;754;64628;
2163;732;753;112;
2153;731;753;1124;
2163;729;753;2144;
2148;731;753;3164;
2163;732;752;4184;
2167;732;752;5196;
2167;731;752;6208;
2167;732;751;7224;
2187;729;753;8244;
2187;730;753;9256;
2182;731;752;10268;
2177;732;752;11288;
2202;732;753;12312;
2202;731;753;13332;
2187;732;752;14352;
2216;733;753;15372;
2202;732;753;16392;
2221;732;752;17416;
2211;730;753;18436;
2211;729;752;19452;
2221;732;753;20468;
2221;732;753;21488;
2216;731;753;22504;
2221;733;751;23524;
2246;732;752;24536;
2246;731;753;25556;
2260;732;753;26572;
2260;732;754;27592;
2270;730;753;28612;
2260;729;753;29632;
2265;734;753;30652;
2280;733;752;31672;
2280;732;753;32692;
2294;730;754;33712;
2304;732;753;34732;
2290;730;754;35752;
2304;733;754;36772;
2304;730;755;37792;
2309;732;753;38812;
2324;732;753;39832;
2324;731;753;40852;
2324;731;754;41872;
2333;732;753;42892;
2324;729;752;43912;
2343;732;753;44932;
2348;732;754;45952;
2343;732;753;46972;
2348;730;752;47992;
2363;728;754;49012;
2358;731;753;50032;
2373;732;753;51052;
2363;728;752;52072;
2377;732;753;53092;
2387;732;753;54112;
2387;731;753;55132;
2387;732;753;56152;
2402;732;755;57172;
2402;731;754;58192;
2412;732;753;59212;
2416;731;753;60232;
2412;732;753;61252;
2421;729;753;62276;
2421;730;751;63296;
2426;729;753;64316;
2441;729;753;65336;
2451;731;753;820;
2441;731;753;1836;
2460;729;752;2848;
2446;731;755;3860;
2465;730;751;4872;
2465;729;753;5892;
2475;731;752;6912;
2460;729;752;7936;
2451;730;752;8956;
2475;729;751;9976;
2465;730;752;11000;
2475;729;752;12020;
2495;729;753;13040;
2490;729;754;14060;
2500;728;751;15080;
2495;729;755;16100;
2514;728;753;17120;
2514;728;752;18140;
2514;728;754;19160;
2524;728;752;20180;
2534;728;753;21200;
2539;728;752;22220;
2534;728;751;23240;
2558;726;752;24260;
2543;727;752;25280;
2573;728;752;26300;
2568;727;752;27320;
2558;727;753;28340;
2573;726;752;29360;
2592;726;752;30380;
2573;727;751;31400;
2583;726;753;32420;
2597;724;753;33440;
2592;724;752;34460;
2602;724;753;35480;
2617;725;751;36500;
2612;724;752;37520;
2617;723;752;38544;
2631;724;753;39564;
2636;723;754;40584;
2646;723;754;41604;
2646;721;753;42624;
2646;723;753;43644;
2661;722;753;44664;
2651;721;753;45684;
2666;721;752;46704;
2685;723;753;47724;
2670;721;752;48744;
2685;721;753;49764;
2690;719;754;50784;
2700;721;755;51804;
2700;721;753;52824;
2700;721;752;53844;
2714;719;752;54864;
2714;719;753;55884;
2724;722;755;56904;
2724;720;753;57924;
2739;721;754;58944;
2724;721;752;59964;
2739;719;753;60984;
2729;721;752;62004;
2734;721;752;63024;
2749;719;752;64044;
2753;719;752;65064;
2763;719;754;548;
2744;719;753;1560;
2773;719;753;2572;
2773;716;753;3588;
2773;716;753;4600;
2773;717;753;5616;
2773;718;752;6636;
2807;719;755;7656;
2802;715;753;8680;
2792;719;753;9700;
2802;718;752;10720;
2807;716;753;11740;
2807;716;753;12760;
2807;719;752;13772;
2788;718;751;14792;
2817;718;754;15808;
2822;719;752;16828;
2841;718;751;17844;
2827;719;751;18864;
2841;718;750;19884;
2841;716;752;20904;
2841;716;752;21920;
2846;716;753;22936;
2861;715;754;23956;
2866;717;752;24972;
2871;716;753;25992;
2871;716;753;27008;
2866;713;753;28024;
2871;716;752;29044;
2871;716;754;30060;
2856;716;755;31080;
2871;716;751;32100;
2875;716;755;33116;
2875;717;752;34136;
2885;716;752;35148;
2895;716;753;36168;
2905;716;753;37184;
2895;715;754;38204;
2910;716;753;39224;
2905;711;752;40244;
2910;711;752;41260;
2905;713;752;42280;
2919;713;753;43296;
2919;714;752;44316;
2919;711;752;45332;
2919;711;753;46352;
2919;711;753;47372;
2924;715;753;48388;
2924;713;751;49408;
2934;715;752;50424;
2939;715;752;51444;
2910;713;752;52460;
2949;713;751;53480;
2958;715;752;54496;
2954;713;752;55516;
2968;713;753;56536;
2968;713;752;57552;
2963;711;753;58572;
2968;712;753;59588;
2968;712;753;60608;
2968;712;754;61620;
2973;711;753;62640;
2968;713;753;63660;
2973;711;753;64680;
2983;713;753;164;
2983;713;753;1188;
2998;713;753;2204;
2988;713;753;3224;
2983;713;753;4236;
2983;713;752;5248;
2983;711;751;6268;
2983;711;752;7288;
2998;713;754;8300;
2973;711;752;9320;
2993;710;753;10336;
2988;711;753;11356;
3002;710;753;12376;
2988;712;753;13396;
2983;711;753;14412;
2998;713;753;15432;
3002;711;753;16452;
3002;711;753;17472;
3002;713;752;18484;
3002;713;752;19504;
3012;713;753;20516;
3007;711;752;21536;
3007;712;752;22556;
3012;711;750;23576;
2998;711;752;24604;
2988;711;752;25628;
3002;711;753;26652;
3022;711;755;27676;
3027;711;753;28696;
3022;712;753;29724;
3022;711;753;30748;
3022;713;753;31768;
3012;713;752;32788;
3002;711;752;33816;
3007;712;752;34844;
3027;713;755;35868;
3022;711;753;36888;
3012;711;753;37916;
3012;711;752;38936;
3017;711;752;39960;
3002;713;755;40988;
3002;712;752;42012;
3002;711;752;43032;
3007;711;752;44056;
3027;713;753;45080;
3002;710;752;46104;
3012;711;754;47132;
3012;711;752;48156;
3012;712;752;49180;
3002;711;752;50200;
3022;711;753;51228;
3012;713;754;52252;
3022;711;753;53272;
3007;712;752;54296;
3002;711;752;55320;
3007;711;752;56348;
3012;713;753;57368;
2983;711;750;58392;
2993;711;752;59416;
3012;713;753;60444;
3007;711;753;61468;
3012;713;753;62492;
3012;713;752;63512;
3002;711;751;64536;
2998;713;752;28;
3002;713;753;1044;
2988;711;753;2064;
2983;713;750;3084;
2983;712;752;4112;
3002;712;753;5140;
3002;713;754;6160;
3002;711;753;7188;
2998;713;754;8212;
2973;712;752;9240;
2983;711;752;10264;
2983;711;752;11292;
2988;713;754;12308;
2983;710;752;13332;
2973;711;753;14360;
2968;711;752;15384;
2978;713;752;16412;
2968;713;751;17436;
2973;711;752;18460;
2968;712;752;19484;
2968;711;755;20508;
2963;711;753;21532;
2968;713;753;22556;
2958;711;751;23580;
2963;712;751;24604;
2934;711;752;25628;
2944;710;752;26652;
2963;710;754;27672;
2958;711;753;28696;
2958;713;753;29720;
2949;712;753;30744;
2944;713;752;31772;
2929;712;753;32796;
2929;712;753;33820;
2910;712;751;34840;
2924;713;754;35864;
2934;712;753;36888;
2934;711;753;37912;
2919;711;753;38932;
2924;711;753;39956;
2915;712;753;40984;
2905;711;752;42008;
2885;711;752;43032;
2895;711;753;44056;
2905;711;753;45080;
2895;708;752;46104;
2905;711;753;47132;
2885;712;752;48152;
2880;712;752;49176;
2880;712;751;50204;
2871;711;752;51224;
2885;712;753;52252;
2875;711;753;53272;
2866;711;753;54300;
2866;711;752;55320;
2856;711;752;56348;
2856;713;753;57372;
2846;711;753;58396;
2827;711;752;59420;
2846;711;752;60444;
2846;713;754;61468;
2846;711;753;62492;
2832;713;750;63516;
2827;713;754;64540;
2807;713;755;28;
2832;712;753;1044;
2797;712;751;2072;
2822;711;753;3096;
2807;711;753;4120;
2802;710;755;5140;
2802;711;753;6160;
2792;710;752;7184;
2802;712;755;8208;
2788;713;752;9232;
2768;712;752;10256;
2768;712;751;11280;
2778;713;753;12304;
2778;711;753;13328;
2768;713;753;14348;
2753;711;753;15372;
2768;711;754;16396;
2763;713;753;17420;
2753;713;755;18444;
2739;713;752;19468;
2739;713;753;20496;
2724;711;752;21516;
2714;712;752;22540;
2714;712;753;23560;
2729;712;753;24580;
2729;711;753;25596;
2714;713;754;26616;
2705;711;753;27636;
2700;711;753;28656;
2690;712;753;29680;
2690;712;753;30700;
2690;713;752;31720;
2685;712;754;32736;
2675;711;753;33756;
2661;712;752;34776;
2661;712;753;35792;
2651;714;753;36812;
2651;713;752;37832;
2646;712;752;38852;
2651;713;752;39872;
2646;713;752;40892;
2617;713;750;41912;
2622;712;752;42932;
2602;712;753;43952;
2622;713;752;44972;
2607;713;750;45992;
2597;712;750;47012;
2587;711;752;48032;
2592;713;752;49052;
2573;711;750;50072;
2568;712;751;51092;
2563;713;751;52112;
2573;713;752;53132;
2573;713;752;54152;
2573;714;752;55168;
2573;713;752;56188;
2563;712;753;57208;
2558;712;752;58228;
2534;713;752;59248;
2534;713;752;60272;
2534;713;753;61288;
2529;711;751;62308;
2534;713;752;63328;
2529;713;753;64348;
2514;713;752;65368;
2514;713;752;852;
2509;712;754;1864;
2509;710;753;2876;
2490;711;755;3888;
2495;713;753;4900;
2490;713;752;5920;
2485;713;752;6940;
2480;713;752;7960;
2465;714;752;8980;
2465;713;752;10000;
2451;715;753;11020;
2465;714;752;12040;
2460;715;752;13060;
2456;714;752;14080;
2436;715;753;15100;
2426;713;752;16120;
2426;713;752;17140;
2421;713;751;18160;
2416;713;751;19180;
2421;716;753;20200;
2412;715;752;21224;
2402;715;752;22244;
2382;716;752;23264;
2392;716;751;24284;
2373;715;751;25304;
2377;717;752;26324;
2377;716;752;27344;
2363;716;752;28364;
2363;716;752;29376;
2368;716;752;30400;
2358;717;752;31420;
2363;717;752;32440;
2358;718;752;33460;
2353;718;752;34480;
2338;718;752;35500;
2333;718;752;36520;
2329;718;753;37540;
2324;719;752;38560;
2324;719;752;39580;
2324;719;753;40600;
2304;718;751;41620;
2304;718;752;42640;
2304;719;753;43660;
2299;719;752;44680;
2294;719;752;45700;
2275;719;752;46720;
2280;719;752;47740;
2270;720;752;48760;
2280;721;753;49780;
2270;721;752;50800;
2275;721;753;51824;
2255;722;752;52844;
2255;721;751;53868;
2246;723;752;54888;
2255;719;753;55908;
2246;721;752;56928;
2241;723;751;57948;
2241;723;753;58968;
2221;723;752;59984;
2216;723;749;61004;
2221;723;752;62024;
2202;723;750;63044;
2216;723;752;64064;
2192;725;754;65084;
2202;724;750;568;
2207;725;752;1580;
2216;721;753;2592;
2197;723;753;3604;
2187;725;753;4616;
2177;724;752;5636;
2167;726;753;6656;
2167;726;751;7676;
2182;725;752;8696;
2163;728;752;9716;
2153;724;752;10736;
2153;726;752;11748;
2167;724;751;12768;
2153;728;752;13788;
2148;726;750;14808;
2148;726;753;15828;
2153;724;752;16840;
2158;727;755;17860;
2148;726;753;18872;
2124;726;753;19892;
2128;725;752;20912;
2124;728;753;21932;
2124;728;752;22944;
2119;728;752;23960;
2114;729;753;24980;
2124;727;753;25992;
2124;728;752;27008;
2119;728;753;28028;
2109;728;753;29048;
2109;728;751;30068;
2109;728;755;31088;
2099;727;753;32104;
2104;728;753;33124;
2075;728;753;34136;
2089;728;753;35156;
2089;728;754;36176;
2089;728;753;37196;
2080;728;755;38216;
2065;728;754;39236;
2084;729;753;40256;
2065;731;752;41272;
2065;731;755;42292;
2065;729;752;43308;
2055;729;752;44328;
2060;728;752;45348;
2065;729;752;46368;
2060;729;753;47380;
2065;730;753;48396;
2065;730;753;49416;
2050;727;752;50432;
2060;729;752;51452;
2055;728;753;52468;
2041;732;753;53488;
2036;731;755;54500;
2036;730;753;55520;
2041;733;753;56540;
2050;732;752;57552;
2045;730;751;58572;
2026;730;752;59592;
2045;731;752;60608;
2045;732;753;61628;
2026;731;752;62648;
2045;731;753;63668;
2026;731;754;64680;
2045;730;755;164;
2036;729;754;1184;
2045;731;754;2204;
2041;730;754;3224;
2036;730;753;4236;
2026;731;752;5252;
2021;731;752;6272;
2011;732;751;7292;
2026;732;751;8304;
2026;732;752;9324;
2026;731;751;10344;
2021;732;751;11368;
2021;732;752;12388;
2021;732;751;13404;
2021;732;752;14424;
2016;731;752;15444;
2021;732;753;16464;
2021;731;753;17476;
2011;729;753;18492;
2016;730;753;19516;
2026;731;753;20536;
2011;731;753;21556;
2021;728;753;22576;
2016;731;753;23592;
2016;731;753;24612;
2011;732;752;25628;
2016;732;753;26648;
2011;732;753;27668;
2026;731;755;28692;
2011;732;754;29712;
2016;729;753;30736;
2021;731;755;31756;
2026;729;753;32780;
2021;731;753;33800;
2026;732;752;34824;
2026;732;753;35840;
2021;730;752;36856;
2026;729;753;37876;
2026;729;753;38892;
2011;731;753;39908;
2021;732;753;40928;
2021;729;753;41944;
2016;732;753;42964;
2021;729;753;43984;
2006;732;751;45004;
2001;732;752;46024;
2011;732;752;47044;
2026;730;754;48064;
2016;733;753;49084;
2026;731;753;50104;
2026;732;752;51128;
2021;730;753;52148;
2031;732;752;53168;
2026;730;753;54188;
2031;732;752;55212;
2031;729;755;56232;
2045;731;755;57252;
2050;731;754;58272;
2060;731;753;59292;
2045;728;753;60312;
2060;731;754;61332;
2050;731;753;62352;
2055;730;753;63372;
2045;729;753;64392;
2065;729;753;65412;
2060;730;753;896;
2050;731;752;1908;
2045;732;752;2920;
2065;732;753;3932;
2065;731;754;4952;
2065;728;754;5968;
2080;732;753;6988;
2075;728;753;8008;
2084;731;753;9028;
2084;732;753;10048;
2089;731;753;11068;
2070;730;753;12088;
2089;729;753;13108;
2089;729;752;14128;
2094;729;753;15144;
2089;732;753;16164;
2099;731;753;17184;
2109;729;753;18204;
2109;732;753;19228;
2114;732;753;20248;
2104;728;753;21268;
2109;731;752;22292;
2104;730;753;23312;
2114;731;754;24332;
2128;729;753;25352;
2124;730;753;26368;
2124;732;754;27388;
2138;732;753;28404;
2124;729;753;29424;
2138;731;755;30440;
2148;731;755;31460;
2124;729;753;32480;
2138;728;753;33500;
2124;732;751;34520;
2148;731;753;35536;
2148;731;752;36556;
2148;732;755;37576;
2163;730;752;38596;
2167;732;752;39616;
2167;732;752;40636;
2153;732;752;41652;
2167;732;752;42672;
2177;732;751;43692;
2167;732;751;44712;
2167;731;750;45732;
2187;732;752;46752;
2187;731;752;47772;
2177;732;752;48788;
2197;731;752;49808;
2182;732;751;50828;
2187;731;753;51848;
2221;731;753;52868;
2221;733;752;53888;
2221;732;753;54908;
2221;732;752;55928;
2226;731;751;56948;
2221;731;750;57968;
2231;732;752;58988;
2241;732;753;60008;
2241;731;752;61028;
2255;731;751;62048;
2260;731;753;63068;
2260;732;753;64088;
2255;731;752;65108;
2270;731;752;592;
2280;732;753;1604;
2270;729;753;2620;
2294;730;753;3632;
2275;732;753;4644;
2294;732;752;5664;
2290;732;753;6684;
2294;732;752;7704;
2285;733;752;8724;
2304;732;752;9744;
2319;732;752;10764;
2314;732;753;11784;
2324;732;752;12804;
2314;732;751;13824;
2333;731;752;14844;
2329;732;751;15864;
2324;732;751;16884;
2343;732;752;17904;
2343;732;751;18924;
2348;732;753;19948;
2348;732;752;20968;
2358;731;752;21988;
2377;731;754;23008;
2363;731;752;24028;
2377;732;752;25048;
2377;730;752;26068;
2382;732;752;27080;
2402;731;753;28100;
2402;731;752;29116;
2416;731;752;30136;
2421;729;754;31156;
2421;731;753;32168;
2421;728;752;33188;
2431;731;753;34204;
2426;728;752;35224;
2436;728;752;36244;
2451;728;753;37264;
2451;728;753;38288;
2460;728;754;39304;
2465;729;753;40324;
2451;729;752;41336;
2470;728;754;42356;
2456;729;752;43376;
2475;731;755;44388;
2475;729;752;45408;
2490;729;752;46428;
2500;731;753;47440;
2500;728;753;48460;
2504;728;752;49472;
2514;728;753;50492;
2514;727;753;51508;
2529;728;753;52532;
2534;728;753;53552;
2529;729;754;54572;
2534;728;754;55588;
2534;729;752;56608;
2534;728;753;57620;
2543;728;753;58640;
2534;728;753;59656;
2568;728;752;60676;
2568;728;752;61696;
2573;728;753;62712;
2573;727;752;63732;
2578;727;752;64752;
2592;728;753;236;
2583;727;753;1256;
2592;727;753;2276;
2592;725;753;3296;
2617;728;753;4316;
2612;724;754;5328;
2617;723;753;6344;
2636;726;752;7364;
2622;724;753;8380;
2646;725;753;9400;
2622;722;753;10416;
2636;726;752;11440;
2631;724;753;12456;
2636;723;752;13476;
2651;723;754;14492;
2651;723;752;15512;
2670;724;752;16524;
2680;725;753;17544;
2685;723;752;18560;
2685;720;753;19580;
2695;720;753;20596;
2700;721;753;21616;
2700;719;753;22632;
2709;719;753;23652;
2709;719;753;24676;
2719;719;753;25692;
2724;719;753;26712;
2729;720;752;27732;
2714;719;755;28748;
2724;719;752;29768;
2724;719;754;30784;
2734;720;753;31804;
2729;719;752;32824;
2749;720;752;33840;
2749;719;752;34860;
2763;719;752;35872;
2768;719;753;36892;
2773;719;752;37916;
2773;719;752;38936;
2773;719;752;39960;
2773;719;752;40980;
2778;718;753;41996;
2788;719;752;43016;
2778;718;752;44044;
2807;718;754;45068;
2807;719;753;46092;
2807;716;753;47120;
2817;717;755;48140;
2807;716;753;49164;
2827;719;753;50188;
2807;719;752;51208;
2807;717;752;52236;
2822;717;753;53256;
2836;718;753;54280;
2846;716;753;55304;
2846;715;753;56332;
2846;716;753;57352;
2846;716;754;58368;
2856;716;752;59388;
2851;713;753;60408;
2866;716;752;61428;
2871;716;753;62448;
2871;716;752;63468;
2885;716;752;64488;
2885;713;753;65508;
2880;713;753;988;
2880;715;753;2000;
2890;716;753;3012;
2885;713;753;4024;
2890;716;753;5036;
2880;716;752;6048;
2880;715;752;7068;
2885;716;752;8088;
2895;716;752;9108;
2905;715;752;10128;
2895;716;751;11148;
2905;716;752;12168;
2905;715;751;13188;
2919;715;752;14208;
2929;716;753;15228;
2919;715;753;16248;
2910;716;751;17268;
2924;715;751;18288;
2924;714;751;19308;
2934;715;755;20328;
2934;716;752;21348;
2929;714;751;22368;
2944;715;751;23388;
2934;713;752;24408;
2954;714;752;25428;
2958;713;753;26448;
2949;715;752;27472;
2958;713;752;28492;
2968;712;752;29512;
2973;713;753;30532;
2963;712;753;31552;
2983;713;753;32572;
2973;712;754;33592;
2968;713;755;34612;
2983;712;753;35632;
2988;713;753;36652;
2988;712;754;37672;
2978;713;753;38692;
2993;713;755;39712;
2998;713;755;40732;
2988;711;754;41752;
2983;712;752;42772;
2998;713;755;43792;
2998;712;754;44812;
3002;712;753;45832;
3007;713;755;46852;
2998;712;753;47872;
2988;712;753;48892;
2998;712;752;49912;
3022;712;755;50932;
3012;711;753;51952;
3012;711;754;52976;
3002;711;753;53996;
3007;710;753;55016;
3012;713;753;56036;
3012;711;753;57056;
3017;711;752;58080;
3017;711;753;59100;
3022;711;753;60120;
3022;711;753;61140;
3012;710;753;62156;
3022;710;753;63176;
3022;711;752;64196;
3022;712;752;65216;
3012;710;753;700;
3022;711;753;1720;
3012;712;753;2732;
3002;711;752;3748;
3027;711;753;4760;
3027;713;752;5780;
3027;713;753;6800;
3027;713;753;7820;
3027;713;751;8840;
3027;713;753;9860;
3022;713;753;10880;
3027;713;753;11892;
3022;712;753;12908;
3027;711;753;13928;
3022;711;753;14948;
3027;711;752;15968;
3022;710;753;16988;
3027;711;753;18012;
3027;711;753;19032;
3027;711;753;20048;
3022;710;755;21068;
3027;710;753;22088;
3027;712;753;23108;
3027;710;753;24128;
3012;711;753;25148;
3017;712;753;26168;
3007;710;753;27192;
3017;711;753;28212;
3007;711;753;29232;
3007;711;753;30252;
3007;711;753;31268;
3007;710;754;32288;
3002;713;753;33308;
3012;712;753;34328;
3012;713;753;35348;
3002;710;753;36368;
3002;711;754;37392;
3002;710;753;38416;
2998;711;753;39436;
3002;711;753;40456;
2998;712;754;41476;
3002;711;753;42496;
2998;711;753;43516;
3002;711;754;44536;
2998;710;755;45556;
2988;710;755;46576;
2983;710;755;47596;
2983;710;753;48616;
2988;713;754;49636;
2983;711;753;50656;
2978;711;755;51676;
2983;710;753;52696;
2983;711;753;53716;
2978;711;754;54728;
2983;711;753;55748;
2973;711;753;56768;
2968;711;753;57788;
2968;710;753;58808;
2968;712;753;59828;
2949;711;753;60840;
2949;712;751;61860;
2949;712;753;62876;
2934;713;753;63896;
2939;712;753;64916;
2949;713;752;396;
2949;711;751;1412;
2944;711;753;2424;
2944;710;753;3444;
2934;710;754;4468;
2929;711;753;5480;
2910;711;753;6496;
2910;711;752;7516;
2915;713;754;8528;
2919;712;752;9548;
2924;713;752;10564;
2915;712;754;11584;
2905;712;752;12596;
2915;711;753;13620;
2905;713;752;14632;
2905;711;755;15652;
2895;709;753;16664;
2895;711;752;17684;
2880;712;753;18700;
2880;712;751;19720;
2880;713;752;20732;
2866;711;752;21756;
2871;713;753;22776;
2871;712;752;23788;
2871;712;752;24808;
2871;711;753;25820;
2846;711;752;26840;
2856;711;755;27856;
2846;711;754;28876;
2851;711;755;29896;
2851;711;753;30920;
2827;711;753;31932;
2841;711;755;32952;
2827;711;753;33968;
2817;713;751;34988;
2817;713;753;36004;
2817;713;752;37024;
2817;713;752;38044;
2807;711;753;39056;
2807;711;751;40076;
2802;711;753;41096;
2797;711;753;42112;
2792;710;752;43132;
2778;711;753;44148;
2792;715;753;45168;
2792;711;753;46188;
2773;711;753;47200;
2773;711;752;48220;
2773;711;754;49240;
2753;711;753;50260;
2749;709;753;51280;
2753;712;752;52300;
2734;711;755;53316;
2734;712;753;54336;
2714;711;753;55356;
2724;710;753;56376;
2719;711;751;57396;
2719;711;753;58408;
2724;711;750;59428;
2714;711;752;60448;
2724;711;755;61468;
2700;712;752;62488;
2700;711;752;63508;
2700;712;752;64528;
2690;711;755;12;
2690;712;751;1036;
2675;711;752;2056;
2666;711;753;3084;
2670;711;754;4112;
2675;712;752;5128;
2670;711;755;6156;
2656;711;753;7180;
2646;712;750;8204;
2651;712;753;9224;
2636;713;752;10248;
2631;713;751;11272;
2636;711;752;12292;
2636;711;753;13316;
2622;711;755;14332;
2631;712;755;15352;
2612;712;755;16368;
2607;711;753;17388;
2592;713;751;18408;
2607;712;755;19428;
2597;713;752;20448;
2583;711;754;21468;
2578;713;753;22488;
2558;711;752;23504;
2568;711;752;24524;
2573;711;753;25544;
2558;712;752;26564;
2558;714;752;27584;
2558;712;751;28604;
2539;711;752;29628;
2543;713;752;30648;
2534;712;753;31668;
2529;711;751;32692;
2519;711;752;33712;
2504;712;752;34732;
2514;712;752;35752;
2514;711;753;36772;
2495;712;752;37792;
2480;711;751;38812;
2475;713;751;39832;
2480;714;751;40852;
2490;711;753;41872;
2475;713;750;42892;
2460;711;751;43912;
2460;712;752;44932;
2465;713;753;45952;
2451;713;752;46972;
2441;713;753;47996;
2451;714;752;49016;
2451;715;752;50036;
2441;713;753;51056;
2426;714;752;52076;
2436;715;753;53096;
2421;715;753;54116;
2426;716;752;55136;
2421;716;752;56156;
2402;715;752;57176;
2402;715;753;58196;
2397;716;752;59216;
2397;716;752;60236;
2387;715;753;61256;
2382;716;753;62276;
2373;715;753;63296;
2373;718;752;64316;
2377;718;753;65336;
2358;718;753;820;
2358;717;752;1832;
2373;718;752;2844;
2343;716;753;3856;
2343;715;753;4868;
2338;716;753;5888;
2333;718;753;6908;
2324;718;753;7928;
2319;718;752;8948;
2309;718;752;9968;
2304;719;752;10992;
2304;719;752;12012;
2304;716;753;13032;
2319;719;753;14052;
2304;719;753;15072;
2304;719;754;16092;
2280;721;753;17112;
2290;719;754;18132;
2280;721;752;19152;
2294;719;754;20172;
2285;720;753;21192;
2275;721;753;22212;
2275;721;753;23232;
2250;719;753;24248;
2246;723;753;25268;
2246;720;753;26288;
2246;723;751;27308;
2231;721;754;28324;
2221;724;753;29344;
2207;723;751;30364;
2207;723;751;31384;
2216;723;752;32400;
2221;724;752;33420;
2216;724;753;34440;
2216;724;752;35460;
2192;725;751;36476;
2187;724;752;37496;
2197;726;751;38516;
2202;727;752;39536;
2187;724;752;40552;
2192;723;752;41572;
2187;723;753;42592;
2182;726;752;43612;
2187;726;753;44632;
2177;727;753;45652;
2172;724;753;46672;
2163;726;752;47692;
2167;727;752;48712;
2167;727;754;49732;
2163;728;752;50748;
2163;725;753;51768;
2153;728;753;52788;
2148;727;754;53808;
2143;728;751;54828;
2148;723;754;55848;
2148;727;754;56868;
2143;728;753;57892;
2138;727;753;58912;
2128;728;752;59932;
2124;726;752;60952;
2124;728;754;61972;
2119;728;750;62988;
2119;726;752;64008;
2109;728;753;65028;
2104;728;754;512;
2109;728;753;1524;
2089;729;753;2536;
2099;729;754;3556;
2089;729;752;4576;
2070;729;753;5588;
2089;729;752;6608;
2089;729;753;7620;
2094;729;753;8632;
2089;728;754;9652;
2075;727;753;10672;
2065;729;752;11692;
2065;730;752;12704;
2065;728;751;13716;
2075;729;754;14736;
2065;729;754;15748;
2065;729;753;16764;
2060;728;754;17780;
2050;731;752;18800;
2050;731;753;19816;
2060;730;753;20828;
2045;731;753;21848;
2045;731;753;22868;
2050;732;752;23884;
2045;732;751;24904;
2036;732;752;25924;
2050;729;753;26944;
2045;729;753;27956;
2045;731;753;28976;
2036;730;753;29992;
2036;728;752;31012;
2041;729;753;32032;
2026;729;754;33044;
2021;729;753;34064;
2026;731;753;35084;
2026;731;753;36096;
2031;731;753;37108;
2026;729;753;38128;
2026;729;752;39144;
2026;729;753;40160;
2026;730;754;41180;
2031;730;754;42204;
2036;732;753;43224;
2026;728;753;44244;
2031;731;753;45260;
2026;732;754;46280;
2006;731;753;47292;
2021;732;753;48312;
2011;732;753;49324;
2021;731;753;50344;
2011;732;752;51368;
2016;730;752;52388;
2021;730;753;53408;
2011;732;751;54428;
2026;732;752;55440;
2011;731;752;56460;
2021;732;752;57480;
2026;732;752;58492;
2026;731;755;59512;
2026;731;753;60524;
1992;729;754;61540;
2011;731;752;62560;
2011;731;753;63572;
2006;731;752;64592;
2006;732;752;76;
2011;731;752;1096;
2016;732;752;2116;
2016;731;753;3140;
2011;732;752;4160;
2011;732;752;5176;
2021;731;754;6188;
2021;731;752;7200;
2021;730;753;8220;
2026;730;753;9244;
2026;732;753;10264;
2026;731;754;11292;
2011;732;752;12312;
2016;732;752;13332;
2021;732;751;14356;
2016;732;751;15380;
2026;731;752;16404;
2021;731;752;17424;
2021;731;753;18448;
2041;731;753;19468;
2026;730;753;20492;
2026;729;753;21516;
2045;730;754;22536;
2031;729;754;23548;
2031;732;752;24568;
2021;729;754;25580;
2026;733;751;26600;
2045;734;750;27612;
2050;732;752;28632;
2036;732;752;29652;
2045;732;751;30672;
2041;731;752;31692;
2050;732;753;32712;
2045;732;752;33732;
2055;732;753;34752;
2065;732;752;35772;
2060;732;752;36796;
2060;732;753;37816;
2060;732;751;38836;
2060;732;751;39852;
2065;731;751;40872;
2060;732;752;41892;
2065;732;752;42912;
2075;731;753;43932;
2075;732;751;44948;
2084;731;754;45968;
2089;732;750;46988;
2084;732;752;48012;
2089;732;753;49032;
2089;732;750;50052;
2089;731;754;51072;
2094;732;753;52092;
2104;732;753;53112;
2109;732;752;54132;
2109;732;753;55152;
2114;732;752;56168;
2114;731;753;57188;
2124;732;752;58208;
2119;731;753;59228;
2124;732;752;60248;
2124;731;755;61268;
2124;732;753;62288;
2128;729;753;63308;
2124;732;754;64324;
2124;729;753;65344;
2138;729;753;828;
2148;731;753;1840;
2124;731;750;2852;
2138;732;752;3872;
2124;731;752;4892;
2153;732;752;5904;
2163;732;751;6924;
2163;733;751;7944;
2163;732;752;8964;
2167;732;752;9984;
2167;734;753;11004;
2187;733;752;12024;
2177;732;753;13044;
2187;731;752;14064;
2187;732;750;15084;
2202;732;753;16104;
2202;732;752;17124;
2192;732;753;18144;
2202;732;752;19164;
2211;731;753;20184;
2211;732;752;21204;
2221;732;753;22224;
2216;732;751;23244;
2216;734;753;24264;
2231;732;752;25284;
2226;732;754;26304;
2246;732;753;27324;
2241;734;753;28344;
2246;732;752;29364;
2246;732;752;30384;
2255;732;755;31396;
2255;728;754;32416;
2255;732;753;33436;
2260;728;755;34456;
2270;732;753;35476;
2280;728;753;36496;
2285;732;752;37516;
2294;733;753;38536;
2285;728;753;39556;
2304;730;754;40576;
2304;731;753;41596;
2299;732;754;42616;
2309;729;754;43636;
2309;732;754;44656;
2319;732;753;45676;
2324;729;755;46696;
2319;729;753;47716;
2343;729;753;48736;
2343;732;754;49756;
2343;732;753;50776;
2343;729;753;51796;
2348;729;753;52808;
2343;732;753;53828;
2363;732;753;54848;
2358;731;753;55868;
2377;730;753;56888;
2377;732;753;57908;
2387;728;753;58924;
2377;732;753;59944;
2377;731;752;60964;
2387;732;753;61984;
2397;732;752;63004;
2402;731;753;64024;
2412;732;753;65044;
2402;732;754;528;
2426;731;752;1540;
2421;731;751;2552;
2426;728;752;3564;
2431;728;755;4580;
2436;731;754;5600;
2451;731;753;6620;
2456;731;754;7640;
2456;730;753;8660;
2460;731;753;9680;
2456;728;752;10700;
2460;729;752;11720;
2460;732;754;12732;
2465;731;751;13752;
2475;729;751;14768;
2475;731;752;15788;
2480;731;752;16808;
2495;728;751;17828;
2495;729;751;18848;
2500;728;752;19860;
2514;729;752;20880;
2529;728;753;21900;
2519;729;753;22916;
2514;727;752;23936;
2529;728;753;24952;
2529;728;752;25972;
2529;724;752;26984;
2548;726;753;28004;
2553;727;753;29024;
2543;728;752;30044;
2553;728;754;31064;
2568;728;752;32084;
2553;727;753;33100;
2568;726;752;34124;
2573;726;752;35140;
2568;726;751;36160;
2578;725;755;37180;
2592;726;752;38200;
2592;726;751;39224;
2607;725;752;40236;
2607;725;752;41256;
2617;724;752;42268;
2622;723;753;43288;
2626;724;752;44304;
2636;723;753;45324;
2636;721;752;46340;
2641;723;753;47360;
2636;721;752;48372;
2641;723;752;49392;
2636;721;753;50408;
2651;722;752;51428;
2661;723;753;52444;
2666;723;753;53464;
2685;722;754;54484;
2680;723;752;55500;
2690;723;753;56520;
2690;721;753;57536;
2690;721;753;58556;
2700;721;753;59572;
2709;718;753;60592;
2709;719;753;61608;
2714;719;755;62628;
2729;719;753;63648;
2729;719;753;64664;
2729;719;753;144;
2734;720;754;1164;
2739;721;752;2184;
2749;720;752;3204;
2749;721;753;4224;
2753;719;751;5236;
2768;719;750;6252;
2773;720;753;7272;
2773;720;754;8288;
2773;719;751;9308;
2788;718;753;10328;
2773;719;752;11344;
2778;718;753;12364;
2792;718;753;13380;
2802;718;755;14400;
2807;717;753;15416;
2802;719;753;16436;
2807;718;754;17452;
2807;719;752;18472;
2817;719;754;19492;
2817;719;753;20512;
2817;718;752;21532;
2832;716;755;22556;
2827;716;753;23580;
2841;717;754;24604;
2846;718;752;25628;
2846;718;752;26652;
2846;716;753;27676;
2841;717;751;28700;
2851;718;752;29724;
2856;716;753;30748;
2871;715;753;31772;
2875;716;753;32796;
2871;716;754;33820;
2880;716;752;34844;
2871;716;751;35868;
2871;716;753;36888;
2871;715;752;37916;
2885;713;753;38940;
2895;711;755;39964;
2905;714;754;40988;
2885;714;752;42012;
2905;716;753;43036;
2915;716;752;44056;
2895;715;752;45084;
2900;713;753;46104;
2910;715;754;47128;
2905;711;753;48152;
2929;713;752;49180;
2929;715;754;50204;
2929;715;753;51228;
2929;713;752;52248;
2905;712;752;53276;
2915;712;753;54300;
2934;711;752;55324;
2944;713;754;56348;
2949;714;753;57372;
2949;713;754;58396;
2944;711;752;59420;
2944;714;752;60444;
2944;712;753;61464;
2944;713;755;62488;
2968;713;755;63516;
2958;711;754;64540;
2973;715;753;24;
2968;711;752;1044;
2973;712;753;2072;
2963;713;752;3100;
2944;712;750;4124;
2963;712;753;5136;
2973;714;752;6160;
2983;712;752;7184;
2983;711;753;8212;
2988;713;753;9240;
2968;711;753;10268;
2963;711;751;11292;
2983;715;755;12312;
2983;713;753;13336;
2983;710;753;14364;
2998;711;754;15388;
3002;712;753;16412;
2998;713;752;17436;
2988;711;752;18456;
2983;712;752;19484;
2983;713;751;20504;
3002;713;753;21528;
3002;711;753;22556;
3002;712;753;23576;
3007;713;753;24596;
3012;711;753;25624;
2998;712;752;26652;
2988;711;751;27676;
3002;713;751;28700;
3002;713;753;29720;
3022;713;753;30748;
3017;711;753;31772;
3022;714;753;32796;
3022;712;753;33816;
3017;713;752;34844;
3007;712;752;35868;
3002;712;753;36892;
3012;712;752;37912;
3012;711;754;38940;
3002;710;753;39964;
3012;711;753;40988;
3027;713;754;42012;
3002;711;752;43032;
3002;711;752;44060;
3002;713;752;45080;
3002;712;752;46108;
3012;711;753;47132;
3022;711;753;48156;
3012;711;752;49176;
3012;711;752;50204;
3002;711;753;51224;
3027;713;752;52248;
3002;713;752;53276;
3002;711;753;54300;
3012;710;753;55324;
3027;712;753;56348;
3027;710;754;57372;
3012;712;755;58392;
3022;711;752;59420;
3002;712;753;60444;
3002;712;753;61468;
3007;713;753;62488;
3012;711;753;63512;
3002;710;752;64540;
3012;711;753;24;
3022;711;754;1048;
3007;713;752;2076;
3002;712;751;3100;
2983;713;752;4124;
3002;712;752;5136;
2978;712;752;6164;
2998;711;752;7188;
3002;711;754;8216;
3002;713;753;9240;
2998;712;753;10268;
3002;713;751;11292;
2983;711;752;12316;
2983;711;752;13340;
2998;713;753;14364;
2983;711;752;15388;
2983;711;753;16412;
2988;713;753;17436;
2983;713;752;18460;
2968;712;752;19484;
2963;711;752;20508;
2973;711;753;21532;
2978;711;753;22556;
2973;711;755;23580;
2973;711;754;24604;
2978;713;753;25628;
2973;713;752;26648;
2963;711;752;27676;
2954;713;753;28696;
2949;711;753;29724;
2958;711;755;30744;
2958;711;753;31772;
2958;713;753;32796;
2949;711;754;33816;
2949;713;753;34844;
2949;713;752;35868;
2934;712;752;36888;
2934;713;753;37916;
2949;711;753;38940;
2939;711;755;39964;
2929;711;753;40988;
2929;711;751;42012;
2929;711;752;43032;
2929;712;752;44060;
2910;711;752;45080;
2890;711;750;46104;
2900;711;752;47128;
2905;712;753;48152;
2895;710;753;49172;
2905;711;754;50200;
2890;711;752;51224;
2885;712;752;52248;
2866;712;750;53272;
2871;712;752;54296;
2895;713;753;55320;
2880;710;753;56344;
2880;711;753;57372;
2885;711;753;58388;
2871;711;755;59416;
2856;713;752;60440;
2846;713;751;61464;
2846;712;752;62492;
2866;711;753;63516;
2846;710;753;64540;
2846;713;752;28;
2846;711;752;1040;
2846;710;753;2064;
2846;712;753;3092;
2827;711;753;4120;
2827;712;752;5136;
2827;713;752;6160;
2807;713;752;7176;
2817;711;753;8204;
2812;713;752;9228;
2807;713;753;10252;
2807;711;753;11276;
2807;711;753;12300;
2802;710;753;13316;
2792;713;753;14340;
2802;714;753;15364;
2773;711;752;16388;
2773;711;753;17404;
2773;711;752;18424;
2768;712;752;19444;
2768;712;753;20464;
2773;713;753;21484;
2763;711;753;22504;
2739;712;752;23524;
2739;711;752;24544;
2739;711;752;25564;
2749;713;751;26580;
2739;711;753;27604;
2734;711;753;28620;
2734;712;754;29640;
2719;711;753;30660;
2714;712;751;31680;
2714;711;752;32700;
2709;711;752;33720;
2700;712;753;34740;
2709;712;753;35760;
2700;712;752;36784;
2690;711;753;37804;
2675;711;754;38824;
2670;711;753;39844;
2670;711;752;40864;
2670;712;752;41884;
2670;715;755;42908;
2651;713;752;43924;
2661;711;753;44944;
2651;711;753;45964;
2631;711;753;46984;
2636;711;750;48008;
2617;713;752;49028;
2631;713;753;50048;
2612;711;752;51068;
2607;713;752;52088;
2617;713;752;53108;
2592;713;753;54128;
2583;711;752;55148;
2583;711;752;56168;
2573;712;751;57188;
2583;713;752;58212;
2583;712;753;59232;
2568;713;752;60252;
2553;713;751;61272;
2558;713;752;62292;
2553;712;752;63312;
2543;711;751;64332;
2534;711;752;65352;
2543;713;752;836;
2539;711;752;1848;
2539;712;753;2860;
2534;713;755;3872;
2504;713;752;4884;
2500;713;751;5904;
2500;713;751;6924;
2500;713;752;7944;
2480;713;755;8964;
2495;713;753;9984;
2490;713;752;11004;
2485;715;752;12024;
2475;713;750;13044;
2456;712;749;14064;
2441;713;750;15084;
2436;713;751;16104;
2460;714;752;17124;
2451;715;752;18144;
2426;714;752;19164;
2436;713;751;20184;
2436;716;752;21204;
2426;713;752;22224;
2421;715;752;23244;
2421;716;750;24264;
2416;716;751;25284;
2412;715;751;26304;
2416;716;752;27324;
2397;716;751;28344;
2397;716;751;29368;
2377;716;753;30384;
2382;716;753;31408;
2377;716;752;32432;
2377;716;752;33452;
2368;716;753;34472;
2373;716;753;35492;
2373;717;754;36512;
2358;716;752;37532;
2358;718;752;38552;
2343;716;753;39572;
2343;719;753;40592;
2338;715;755;41616;
2329;716;752;42636;
2343;718;753;43656;
2338;718;753;44676;
2333;716;753;45696;
2319;717;754;46716;
2324;718;754;47736;
2319;718;754;48756;
2319;718;754;49776;
2309;719;753;50796;
2304;719;752;51816;
2294;718;752;52836;
2304;719;754;53856;
2299;719;754;54876;
2294;719;753;55896;
2260;721;752;56916;
2280;721;754;57940;
2270;719;753;58960;
2260;718;753;59980;
2260;721;753;61000;
2260;721;752;62020;
2260;722;754;63040;
2241;719;753;64060;
2246;723;755;65080;
2241;723;753;564;
2231;723;753;1580;
2221;723;753;2592;
2221;724;753;3604;
2207;724;752;4616;
2216;727;755;5636;
2207;723;753;6652;
2216;723;753;7672;
2202;724;754;8692;
2202;724;753;9712;
2202;724;754;10732;
2202;725;753;11752;
2197;725;754;12772;
2187;727;753;13792;
2187;726;753;14812;
2177;725;753;15832;
2177;723;755;16852;
2167;724;754;17868;
2163;727;753;18888;
2167;728;754;19908;
2153;728;755;20928;
2158;728;754;21948;
2153;728;754;22968;
2148;727;753;23984;
2124;727;753;25000;
2114;728;751;26020;
2128;728;751;27032;
2124;728;749;28048;
2143;728;750;29068;
2133;728;752;30088;
2128;728;752;31108;
2114;728;749;32128;
2109;728;750;33148;
2119;728;751;34168;
2109;728;752;35188;
2104;728;751;36208;
2099;728;752;37228;
2104;728;752;38240;
2109;732;753;39260;
2109;728;754;40280;
2109;728;753;41300;
2099;728;753;42316;
2075;731;752;43336;
2070;729;752;44348;
2070;730;752;45364;
2089;731;750;46380;
2075;729;752;47400;
2089;731;752;48416;
2075;731;753;49436;
2080;730;750;50456;
2065;729;750;51476;
2070;729;753;52496;
2065;729;752;53512;
2065;731;751;54532;
2065;729;753;55552;
2065;729;753;56568;
2060;729;755;57580;
2045;728;753;58600;
2045;730;753;59620;
2031;729;753;60632;
2045;729;752;61652;
2036;729;752;62672;
2041;731;752;63692;
2045;730;752;64712;
2036;731;752;192;
2041;731;752;1208;
2045;729;753;2228;
2045;729;755;3248;
2036;729;755;4268;
2026;728;753;5280;
2026;729;755;6292;
2026;728;754;7312;
2021;730;753;8332;
2021;731;752;9344;
2021;731;753;10364;
2026;731;753;11376;
2026;729;755;12396;
2031;730;752;13412;
2026;731;753;14428;
2026;730;754;15448;
2016;729;753;16468;
2021;729;753;17480;
2021;730;752;18500;
2016;732;753;19520;
2011;731;752;20532;
2016;732;752;21552;
2006;731;753;22572;
1997;732;752;23592;
2011;732;753;24612;
2011;731;752;25632;
2011;732;753;26652;
2011;732;752;27672;
2006;732;752;28692;
1992;733;751;29716;
2016;732;752;30732;
2006;732;752;31756;
2016;732;751;32776;
2021;732;753;33800;
2021;732;753;34812;
1997;732;751;35828;
2021;731;752;36848;
2021;732;753;37868;
2026;732;754;38880;
2021;729;753;39900;
2021;734;753;40920;
2026;731;753;41936;
2021;731;754;42960;
2026;729;753;43980;
2021;732;752;45000;
2021;731;753;46024;
2026;732;752;47044;
2026;731;753;48064;
2021;731;752;49084;
2026;731;752;50104;
2026;729;753;51128;
2026;732;752;52148;
2026;732;754;53168;
2036;732;753;54188;
2016;731;751;55208;
2026;732;752;56228;
2036;732;752;57248;
2021;732;752;58268;
2021;732;752;59288;
2045;732;752;60304;
2045;732;753;61324;
2045;732;752;62340;
2036;729;754;63360;
2045;734;754;64380;
2050;728;753;65400;
2055;731;753;884;
2045;729;753;1896;
2041;732;753;2908;
2041;732;753;3924;
2055;731;754;4936;
2050;728;752;5948;
2045;730;753;6968;
2065;729;752;7988;
2070;731;753;9008;
2065;732;753;10028;
2075;729;753;11048;
2065;730;753;12068;
2084;731;753;13088;
2070;728;754;14104;
2084;732;753;15124;
2089;731;753;16144;
2089;732;755;17164;
2065;731;754;18180;
2084;732;752;19200;
2080;731;753;20216;
2070;732;752;21236;
2075;732;752;22252;
2070;732;751;23276;
2070;732;752;24296;
2089;732;752;25316;
2075;731;752;26332;
2099;732;752;27352;
2094;731;752;28372;
2094;732;751;29396;
2109;732;752;30412;
2109;732;752;31432;
2128;732;752;32444;
2138;731;754;33464;
2138;733;755;34480;
2143;730;753;35500;
2148;732;753;36520;
2143;729;753;37540;
2148;731;755;38556;
2153;731;754;39576;
2148;732;754;40596;
2163;730;753;41616;
2167;731;753;42636;
2163;731;755;43656;
2172;732;753;44676;
2177;728;755;45700;
2167;730;753;46716;
2172;729;752;47736;
2182;732;753;48756;
2187;729;753;49776;
2192;732;753;50796;
2187;729;752;51816;
2187;727;752;52832;
2192;730;754;53852;
2192;728;753;54872;
2207;729;753;55892;
2202;732;753;56912;
2221;729;754;57932;
2221;732;753;58952;
2221;730;755;59972;
2226;732;752;60992;
2231;729;754;62012;
2241;732;753;63032;
2246;730;753;64052;
2246;732;753;65072;
2246;731;753;556;
2246;732;753;1568;
2260;732;752;2580;
2255;728;753;3592;
2260;729;754;4612;
2270;729;753;5624;
2280;732;754;6644;
2280;729;753;7664;
2290;729;754;8684;
2280;732;753;9704;
2304;733;753;10728;
2299;728;753;11748;
2304;731;753;12768;
2304;731;754;13788;
2304;732;753;14808;
2314;729;753;15828;
2324;729;754;16844;
2329;731;752;17864;
2324;732;753;18884;
2324;730;753;19900;
2343;729;753;20920;
2343;730;753;21940;
2343;729;753;22956;
2329;731;752;23976;
2343;728;754;24996;
2358;731;752;26016;
2363;732;755;27032;
2373;731;752;28052;
2377;731;750;29068;
2387;732;753;30088;
2387;732;753;31100;
2397;732;752;32116;
2402;732;754;33136;
2407;728;753;34152;
2412;730;752;35176;
2412;732;753;36196;
2421;730;754;37216;
2421;727;752;38232;
2426;731;753;39252;
2402;729;752;40264;
2426;728;753;41284;
2426;729;751;42304;
2460;731;752;43316;
2460;732;753;44336;
2465;731;754;45352;
2460;729;753;46372;
2475;732;753;47384;
2475;728;753;48404;
2475;729;753;49416;
2465;729;753;50432;
2480;731;752;51452;
2480;729;753;52468;
2490;729;752;53488;
2509;728;752;54500;
2500;728;752;55520;
2504;729;752;56536;
2514;728;753;57556;
2529;729;753;58572;
2519;727;753;59592;
2534;728;753;60608;
2534;728;752;61632;
2524;726;752;62644;
2543;728;753;63668;
2543;728;752;64680;
2553;728;751;164;
2553;728;753;1176;
2578;728;752;2188;
2578;727;752;3200;
2583;728;753;4212;
2583;727;752;5224;
2587;727;753;6244;
2597;728;751;7260;
2597;726;753;8280;
2607;726;752;9296;
2617;723;752;10316;
2617;726;753;11332;
2631;723;754;12352;
2631;723;753;13368;
2636;723;753;14388;
2636;725;753;15408;
2631;723;753;16420;
2646;723;753;17440;
2646;723;753;18456;
2651;724;753;19484;
2651;723;753;20508;
2666;723;754;21528;
2675;721;753;22552;
2675;719;753;23576;
2675;719;752;24596;
2685;721;754;25620;
2685;719;753;26640;
2695;721;753;27664;
2685;723;752;28688;
2690;721;752;29712;
2709;721;753;30740;
2714;722;753;31760;
2719;719;753;32788;
2724;719;753;33812;
2734;721;753;34836;
2724;721;753;35860;
2724;719;752;36884;
2749;720;753;37912;
2739;719;753;38932;
2758;718;753;39960;
2758;719;753;40984;
2763;719;755;42004;
2773;719;753;43028;
2763;719;752;44052;
2763;719;751;45076;
2758;719;753;46096;
2788;719;753;47124;
2792;718;753;48148;
2792;717;753;49172;
2792;718;752;50192;
2807;718;753;51220;
2792;719;753;52244;
2783;718;751;53268;
2807;718;755;54292;
2807;718;752;55316;
2822;718;753;56336;
2807;715;752;57364;
2832;716;752;58388;
2827;718;752;59412;
2817;716;751;60436;
2807;716;753;61460;
2846;717;754;62484;
2846;716;752;63508;
2846;715;753;64536;
2846;715;753;24;
2856;716;752;1052;
2846;716;750;2072;
2866;717;752;3096;
2871;716;754;4124;
2875;716;753;5144;
2885;715;754;6168;
2880;715;752;7192;
2895;717;752;8220;
2885;716;752;9244;
2871;716;752;10264;
2885;715;752;11288;
2885;711;753;12312;
2910;716;754;13340;
2910;718;753;14364;
2910;715;753;15388;
2919;716;751;16408;
2924;715;752;17432;
2905;715;752;18456;
2924;713;755;19484;
2934;713;752;20508;
2929;713;753;21528;
2924;713;752;22552;
2924;711;752;23580;
2929;711;752;24604;
2934;715;752;25624;
2939;715;753;26648;
2929;710;752;27672;
2958;712;753;28696;
2958;711;753;29724;
2963;713;752;30748;
2968;714;753;31772;
2939;713;751;32792;
2949;715;752;33816;
2949;712;752;34840;
2958;714;752;35864;
2973;713;753;36888;
2978;711;753;37916;
2968;711;752;38936;
2968;712;752;39964;
2968;711;752;40988;
2983;713;753;42008;
2963;713;752;43028;
2963;713;752;44056;
2968;711;752;45076;
2983;713;752;46096;
2983;713;752;47124;
2998;714;754;48140;
2998;711;753;49168;
3002;711;753;50192;
2998;713;753;51220;
2983;713;752;52248;
3002;713;755;53276;
3012;711;754;54300;
2998;713;752;55324;
2993;711;752;56344;
3002;712;753;57372;
2998;712;752;58396;
2988;712;749;59416;
2983;712;752;60444;
3002;713;752;61468;
3012;711;753;62492;
3002;711;752;63516;
3012;713;752;64540;
3012;712;752;28;
3002;713;753;1044;
3012;713;753;2060;
3012;710;754;3072;
3012;713;753;4084;
3012;713;755;5096;
3002;711;751;6112;
3002;711;753;7132;
3007;711;751;8152;
3022;711;753;9172;
3027;712;752;10188;
3012;710;753;11208;
3012;711;752;12228;
3022;711;753;13248;
3027;710;753;14268;
3012;711;753;15288;
3012;711;754;16308;
3027;713;753;17332;
3027;711;753;18352;
3027;713;755;19372;
3017;713;754;20392;
3017;712;752;21412;
3027;713;753;22432;
3027;711;753;23452;
3017;711;751;24472;
3027;713;754;25492;
3017;713;753;26512;
3027;711;753;27532;
3012;713;753;28552;
3022;713;755;29572;
3027;713;753;30592;
3022;713;752;31612;
3002;712;752;32632;
3012;711;753;33652;
3012;713;753;34672;
3012;712;752;35692;
3007;711;752;36704;
3022;712;754;37716;
3002;712;753;38736;
2978;712;752;39756;
3012;712;753;40776;
3012;713;753;41796;
2998;711;752;42816;
2988;712;752;43836;
3002;712;753;44856;
2988;712;752;45876;
3002;713;753;46896;
2988;711;753;47920;
2988;712;752;48940;
2983;711;753;49960;
2983;711;752;50980;
2998;710;753;52000;
2983;712;753;53020;
2988;711;753;54040;
2993;713;753;55060;
2983;711;753;56080;
2988;712;753;57100;
2978;711;753;58120;
2983;711;753;59140;
2983;712;752;60160;
2968;710;752;61184;
2963;711;753;62204;
2963;711;753;63224;
2963;711;753;64244;
2949;710;753;65264;
2958;708;754;748;
2949;711;753;1760;
2944;712;753;2772;
2958;713;753;3784;
2954;711;753;4796;
2949;710;752;5816;
2944;710;752;6836;
2934;710;753;7856;
2934;711;754;8876;
2934;711;753;9896;
2929;711;752;10916;
2919;711;753;11936;
2924;712;753;12956;
2929;711;754;13976;
2905;710;752;14996;
2910;711;753;16016;
2919;711;753;17036;
2919;711;753;18056;
2919;711;753;19072;
2905;712;752;20092;
2895;711;753;21112;
2905;713;754;22132;
2900;712;753;23152;
2895;713;753;24172;
2890;713;754;25192;
2885;711;753;26212;
2885;711;753;27232;
2871;711;752;28248;
2871;712;753;29272;
2861;710;753;30292;
2866;711;752;31312;
2871;713;754;32332;
2856;711;752;33356;
2856;711;753;34376;
2851;711;752;35396;
2827;710;752;36416;
2846;711;752;37436;
2841;712;753;38456;
2832;711;752;39476;
2841;712;753;40496;
2841;711;753;41516;
2822;711;754;42536;
2817;711;752;43548;
2802;711;752;44560;
2802;711;752;45580;
2792;711;752;46600;
2788;711;750;47620;
2792;713;752;48640;
2773;712;751;49660;
2773;711;750;50680;
2773;712;752;51700;
2763;711;750;52720;
2773;712;752;53740;
2768;712;752;54760;
2749;712;751;55780;
2749;713;752;56800;
2749;712;751;57824;
2744;713;754;58844;
2729;712;752;59864;
2739;713;752;60888;
2739;713;753;61908;
2714;711;752;62920;
2719;712;751;63940;
2734;713;751;64952;
2714;711;750;436;
2719;711;753;1448;
2705;712;753;2464;
2700;713;752;3484;
2709;711;753;4504;
2690;712;752;5516;
2685;713;752;6528;
2690;712;751;7548;
2670;711;752;8568;
2670;713;752;9588;
2666;711;753;10600;
2666;712;752;11620;
2661;710;753;12640;
2651;709;753;13652;
2661;711;752;14672;
2636;710;753;15688;
2631;711;752;16708;
2622;713;752;17720;
2617;711;752;18740;
2617;712;752;19760;
2617;713;752;20776;
2631;713;751;21796;
2612;713;752;22816;
2617;713;754;23836;
2617;712;753;24848;
2602;712;753;25868;
2607;711;753;26884;
2587;712;754;27904;
2583;711;753;28924;
2583;711;753;29944;
2573;711;753;30956;
2558;712;752;31976;
2543;711;752;32992;
2553;711;751;34012;
2534;712;752;35032;
2534;713;752;36052;
2534;713;753;37064;
2534;711;753;38084;
2534;715;752;39096;
2534;711;753;40116;
2519;709;752;41136;
2529;712;753;42148;
2514;711;752;43168;
2495;711;753;44188;
2509;712;753;45208;
2495;711;754;46228;
2495;713;755;47248;
2485;713;754;48264;
2475;715;752;49284;
2475;713;753;50304;
2470;714;752;51324;
2460;711;753;52340;
2456;715;751;53360;
2460;715;754;54376;
2456;716;752;55396;
2456;716;751;56412;
2441;716;754;57432;
2436;716;752;58452;
2436;716;753;59468;
2426;715;753;60488;
2431;716;752;61508;
2416;715;755;62528;
2421;716;752;63544;
2412;716;753;64564;
2412;716;753;48;
2397;715;753;1060;
2397;717;754;2072;
2377;716;751;3096;
2377;716;754;4124;
2377;718;753;5136;
2358;718;752;6156;
2373;716;753;7184;
2363;716;753;8208;
2348;718;752;9236;
2343;719;752;10264;
2343;719;755;11292;
2343;716;752;12312;
2343;716;753;13336;
2333;716;753;14356;
2333;718;753;15380;
2324;717;752;16404;
2309;719;752;17428;
2304;719;752;18456;
2309;718;752;19484;
2304;718;752;20508;
2304;718;753;21532;
2304;719;753;22556;
2290;719;753;23576;
2270;719;752;24604;
2270;721;752;25628;
2270;721;752;26648;
2260;723;751;27668;
2250;723;751;28688;
2265;723;752;29708;
2246;722;752;30728;
2246;723;752;31752;
2241;723;752;32764;
2246;723;752;33784;
2231;723;753;34800;
2226;723;752;35820;
2221;723;752;36840;
2221;724;752;37860;
2221;724;752;38880;
2231;723;751;39892;
2221;723;754;40912;
2221;723;753;41932;
2211;725;753;42952;
2211;724;753;43972;
2202;723;752;44992;
2202;723;753;46012;
2187;724;752;47032;
2197;724;753;48052;
2187;727;753;49072;
2182;723;754;50092;
2187;727;750;51112;
2182;723;753;52132;
2167;723;752;53152;
2163;723;753;54172;
2148;724;753;55192;
2163;727;753;56216;
2163;728;752;57236;
2158;726;753;58256;
2148;725;753;59276;
2153;726;753;60296;
2143;728;752;61316;
2148;727;753;62336;
2133;728;753;63356;
2143;727;754;64376;
2124;728;753;65396;
2124;728;752;876;
2119;727;753;1888;
2099;728;752;2900;
2119;729;753;3912;
2114;727;750;4924;
2109;727;754;5944;
2114;729;753;6964;
2109;728;752;7980;
2099;728;754;9000;
2094;728;754;10020;
2099;727;755;11044;
2104;731;754;12064;
2104;728;753;13084;
2099;731;753;14104;
2075;726;753;15124;
2089;729;754;16144;
2089;728;753;17160;
2089;728;754;18180;
2089;728;753;19200;
2075;729;753;20220;
2084;728;753;21240;
2075;728;754;22260;
2075;729;754;23280;
2065;728;754;24300;
2065;729;753;25320;
2065;728;753;26336;
2065;729;755;27356;
2045;729;753;28372;
2050;731;752;29392;
2045;729;752;30412;
2045;732;753;31432;
2036;729;754;32452;
2045;732;752;33472;
2045;731;753;34496;
2045;731;753;35516;
2036;728;753;36532;
2036;731;751;37552;
2026;731;751;38572;
2026;729;752;39592;
2031;731;752;40612;
2026;731;752;41632;
2031;732;752;42652;
2026;729;755;43672;
2011;731;752;44692;
2026;731;752;45712;
2011;729;753;46732;
2021;730;752;47752;
2021;731;751;48772;
2016;732;752;49792;
2026;730;753;50812;
2011;731;752;51832;
2006;730;752;52852;
2011;732;752;53872;
2016;731;751;54892;
2011;729;753;55912;
2006;732;752;56932;
2011;732;752;57952;
2016;732;752;58972;
1997;729;753;59992;
2006;731;752;61012;
2006;732;752;62032;
2006;732;755;63048;
2006;732;752;64068;
1992;732;752;65088;
2011;732;751;572;
2021;732;752;1584;
2026;729;753;2596;
2021;731;751;3612;
2026;732;753;4628;
1997;731;751;5644;
2011;729;753;6664;
1997;730;752;7684;
2021;730;754;8704;
2011;732;752;9724;
2011;730;752;10744;
2011;732;752;11764;
2006;731;751;12780;
2006;731;751;13800;
2011;732;752;14816;
2016;732;751;15836;
2006;732;752;16856;
2011;733;751;17876;
2016;732;752;18888;
2021;731;752;19908;
2026;730;752;20920;
2036;732;753;21940;
2011;729;753;22952;
2021;732;752;23972;
2011;732;754;24988;
2021;728;753;26008;
2021;732;751;27028;
2036;732;752;28040;
2021;732;753;29060;
2045;734;753;30080;
2041;731;753;31092;
2045;732;752;32112;
2041;732;752;33136;
2045;732;751;34156;
2050;732;753;35176;
2050;731;753;36188;
2060;729;753;37204;
2045;732;753;38220;
2045;731;753;39240;
2055;731;755;40260;
2045;732;754;41276;
2041;733;751;42296;
2065;733;751;43312;
2050;732;752;44324;
2075;732;752;45344;
2075;732;752;46364;
2065;732;753;47376;
2060;730;753;48396;
2070;731;753;49416;
2075;732;753;50432;
2065;730;752;51444;
2060;729;754;52464;
2060;728;752;53484;
2089;731;753;54504;
2065;728;753;55524;
2065;732;751;56544;
2099;733;750;57556;
2094;733;753;58572;
2104;732;755;59588;
2109;731;753;60608;
2104;731;753;61624;
2109;731;754;62644;
2119;732;753;63660;
2104;731;753;64672;
2109;732;751;156;
2114;732;753;1176;
2114;732;753;2192;
2109;732;753;3212;
2128;732;752;4232;
2128;732;753;5244;
2133;732;752;6260;
2148;733;754;7280;
2133;731;752;8300;
2148;732;753;9316;
2153;731;753;10336;
2158;730;754;11352;
2148;731;754;12372;
2167;730;754;13392;
2167;729;754;14412;
2148;732;753;15424;
2167;732;751;16440;
2167;732;752;17464;
2167;731;751;18480;
2182;733;753;19500;
2167;731;752;20520;
2187;732;752;21540;
2187;732;753;22560;
2187;732;752;23576;
2182;732;751;24600;
2192;733;752;25624;
2207;732;752;26648;
2211;732;754;27672;
2221;729;753;28696;
2221;732;755;29716;
2226;731;753;30736;
2221;731;754;31756;
2231;729;753;32780;
2231;731;754;33800;
2241;731;754;34812;
2255;732;753;35832;
2246;731;753;36844;
2246;732;753;37864;
2270;732;752;38876;
2270;732;752;39896;
2270;731;753;40908;
2280;729;753;41928;
2280;732;753;42948;
2280;731;752;43972;
2285;732;753;44992;
2294;730;755;46012;
2294;731;752;47032;
2294;731;750;48052;
2304;730;752;49072;
2319;730;753;50092;
2304;731;752;51112;
2319;731;753;52132;
2309;729;752;53152;
2329;732;752;54172;
2324;729;753;55192;
2348;730;753;56212;
2348;731;753;57232;
2348;732;753;58252;
2348;731;753;59272;
2348;732;752;60292;
2358;729;752;61312;
2363;729;752;62332;
2363;729;753;63352;
2377;732;752;64372;
2377;732;753;65396;
2377;731;752;880;
2387;731;753;1896;
2402;729;753;2908;
2382;731;753;3920;
2407;731;752;4932;
2412;732;752;5952;
2407;732;751;6972;
2416;730;752;7992;
2421;729;752;9012;
2421;730;752;10032;
2436;731;753;11052;
2436;730;752;12072;
2426;729;752;13092;
2436;730;752;14112;
2431;730;752;15132;
2446;729;752;16152;
2451;729;752;17172;
2465;729;752;18192;
2456;728;752;19212;
2460;729;751;20232;
2490;730;752;21252;
2485;729;751;22272;
2490;731;753;23292;
2495;729;753;24312;
2500;728;752;25332;
2504;729;752;26352;
2529;729;752;27372;
2519;730;752;28392;
2524;729;752;29412;
2529;728;752;30432;
2534;728;753;31452;
2534;728;751;32472;
2548;728;754;33492;
2543;728;752;34512;
2553;728;752;35532;
2568;728;752;36552;
2558;728;752;37572;
2573;728;753;38592;
2583;728;754;39612;
2578;728;752;40632;
2597;728;752;41652;
2592;726;752;42672;
2592;727;752;43692;
2607;727;753;44712;
2597;726;751;45732;
2622;725;754;46752;
2607;724;752;47772;
2597;724;751;48796;
2602;724;750;49816;
2607;723;751;50836;
2636;723;752;51856;
2631;724;751;52876;
2631;723;751;53896;
2636;723;752;54916;
2646;723;753;55936;
2641;722;750;56956;
2646;721;751;57976;
2646;721;750;58996;
2675;723;754;60016;
2685;721;753;61036;
2675;722;751;62056;
2670;722;751;63076;
2690;721;753;64096;
2685;721;752;65116;
2690;721;751;600;
2714;719;750;1612;
2724;721;753;2624;
2729;721;754;3640;
2724;720;753;4652;
2709;719;753;5668;
2739;720;753;6688;
2719;719;752;7708;
2734;719;751;8728;
2753;721;753;9748;
2744;719;752;10768;
2739;721;752;11788;
2753;719;753;12808;
2749;720;751;13828;
2749;719;752;14848;
2749;719;751;15868;
2773;718;752;16888;
2773;719;752;17908;
2763;718;749;18928;
2778;719;752;19948;
2773;718;752;20968;
2788;716;751;21988;
2797;719;751;23008;
2792;719;752;24028;
2802;717;752;25048;
2802;719;751;26068;
2827;718;753;27084;
2817;718;753;28104;
2817;717;752;29124;
2827;716;752;30144;
2807;716;752;31164;
2841;716;752;32180;
2856;718;753;33200;
2851;717;752;34216;
2851;715;753;35236;
2846;716;752;36252;
2856;713;752;37272;
2871;716;753;38288;
2880;717;753;39308;
2875;715;753;40328;
2875;714;753;41348;
2885;715;755;42368;
2885;715;754;43388;
2890;716;753;44408;
2890;715;753;45424;
2905;714;753;46440;
2895;714;751;47460;
2885;715;753;48476;
2885;716;750;49496;
2905;716;754;50508;
2915;716;753;51528;
2919;715;753;52548;
2929;716;753;53568;
2915;716;752;54584;
2919;716;753;55604;
2929;715;753;56624;
2934;713;753;57644;
2934;715;753;58660;
2939;715;753;59680;
2949;711;753;60700;
2939;715;753;61716;
2949;714;753;62736;
2949;711;753;63752;
2949;711;755;64772;
2949;714;753;256;
2944;713;753;1272;
2958;711;752;2284;
2954;711;753;3296;
2968;712;752;4316;
2968;713;754;5328;
2968;709;754;6344;
2968;708;752;7364;
2973;713;754;8384;
2963;713;753;9396;
2958;713;752;10416;
2973;711;754;11436;
2968;713;751;12456;
2983;712;752;13468;
2993;714;753;14488;
2983;712;751;15504;
2983;711;753;16524;
2988;713;753;17540;
3002;711;753;18560;
3002;713;753;19580;
2998;713;754;20600;
3002;711;753;21620;
3002;713;753;22640;
3002;713;754;23660;
3002;711;753;24680;
3002;715;754;25700;
3002;711;753;26720;
2998;711;753;27736;
3012;711;753;28756;
3012;711;753;29776;
3002;710;752;30792;
3012;713;753;31812;
3012;711;753;32828;
3007;711;752;33848;
3002;713;754;34864;
3002;712;751;35884;
3002;713;753;36904;
2998;713;752;37924;
2993;713;753;38944;
2998;714;751;39968;
2998;712;753;40984;
3027;712;753;42012;
3022;711;753;43036;
3027;713;753;44060;
3027;710;754;45080;
3012;712;752;46108;
3012;711;752;47132;
3012;712;750;48156;
2998;711;751;49180;
3027;712;753;50204;
3012;711;753;51228;
3022;711;754;52248;
3002;711;753;53276;
3027;712;751;54296;
3022;711;752;55324;
2998;712;753;56348;
3002;711;752;57372;
3027;713;753;58392;
3012;709;752;59420;
3022;711;752;60444;
3012;712;753;61468;
3022;712;752;62488;
3002;712;752;63516;
2998;712;750;64540;
2988;712;752;28;
3012;712;753;1052;
3002;711;753;2076;
3002;710;752;3100;
3012;711;754;4116;
3012;710;753;5140;
3002;711;752;6164;
3007;711;752;7188;
3002;712;752;8216;
3012;713;753;9244;
3012;711;753;10268;
3002;711;753;11288;
3002;711;753;12312;
3007;711;753;13336;
2983;712;752;14364;
2983;713;751;15388;
2993;711;754;16412;
2998;712;755;17436;
2983;710;752;18456;
2998;710;752;19484;
2983;712;753;20508;
2983;711;752;21532;
2983;712;750;22552;
2963;711;752;23580;
2958;712;753;24604;
2988;711;753;25628;
2968;710;752;26652;
2968;712;752;27676;
2973;713;753;28696;
2978;713;752;29724;
2958;712;752;30748;
2958;712;753;31772;
2958;711;752;32796;
2968;711;753;33820;
2963;711;753;34844;
2949;711;753;35868;
2949;711;753;36892;
2949;708;752;37908;
2934;710;752;38932;
2949;711;753;39956;
2944;712;752;40980;
2934;712;751;42004;
2929;712;752;43028;
2934;713;753;44052;
2934;711;753;45076;
2934;711;753;46096;
2934;711;753;47116;
2929;711;753;48136;
2929;711;753;49160;
2929;710;753;50172;
2919;711;753;51188;
2915;710;752;52212;
2919;711;752;53232;
2905;713;753;54252;
2900;711;752;55272;
2905;713;753;56292;
2895;711;752;57312;
2895;710;753;58332;
2900;711;753;59352;
2875;711;754;60368;
2895;711;753;61388;
2871;712;752;62408;
2871;713;753;63428;
2871;713;752;64448;
2871;713;752;65468;
2856;713;753;948;
2856;712;753;1968;
2856;712;752;2980;
2866;711;753;3992;
2846;709;753;5008;
2841;711;753;6020;
2832;711;753;7040;
2827;712;752;8060;
2827;713;754;9080;
2827;711;752;10100;
2827;713;752;11120;
2807;712;752;12140;
2817;711;752;13160;
2807;713;752;14180;
2807;712;752;15200;
2807;713;752;16220;
2792;711;753;17240;
2792;711;751;18260;
2778;710;752;19280;
2773;711;752;20300;
2773;711;752;21320;
2763;711;751;22336;
2753;713;751;23356;
2763;712;750;24376;
2749;712;751;25396;
2753;711;752;26416;
2749;711;751;27436;
2734;711;753;28456;
2749;711;752;29476;
2729;712;751;30496;
2729;711;751;31516;
2734;713;752;32532;
2734;713;752;33552;
2734;713;753;34568;
2724;711;752;35588;
2714;713;753;36608;
2724;713;753;37628;
2714;713;751;38648;
2714;713;754;39668;
2700;712;752;40688;
2700;712;753;41708;
2690;713;752;42728;
2685;714;753;43748;
2685;712;752;44768;
2670;713;753;45788;
2651;712;751;46808;
2661;712;753;47828;
2651;712;752;48848;
2646;712;752;49868;
2651;713;753;50888;
2636;715;752;51908;
2651;712;753;52928;
2626;711;753;53948;
2641;711;753;54968;
2622;713;752;55988;
2631;711;751;57008;
2597;711;752;58028;
2612;710;752;59048;
2592;712;752;60068;
2597;713;752;61088;
2592;715;754;62108;
2578;713;751;63128;
2573;713;753;64148;
2583;713;752;65168;
2583;713;753;652;
2578;712;755;1668;
2573;711;753;2680;
2558;712;753;3692;
2534;712;752;4704;
2543;713;752;5720;
2534;711;752;6740;
2529;716;752;7760;
2529;711;753;8780;
2529;712;753;9800;
2529;713;752;10820;
2514;712;753;11844;
2514;714;752;12864;
2504;713;752;13884;
2500;713;752;14904;
2500;713;752;15924;
2495;715;752;16948;
2470;713;753;17968;
2465;713;753;18988;
2460;712;752;20008;
2451;712;751;21028;
2456;714;751;22048;
2456;713;752;23068;
2446;711;752;24088;
2446;711;753;25112;
2436;715;753;26132;
2436;713;752;27152;
2436;713;752;28172;
2421;711;752;29188;
2416;716;752;30208;
2402;714;751;31228;
2407;713;752;32248;
2402;716;751;33268;
2387;716;752;34288;
2397;716;751;35308;
2377;717;751;36328;
2377;715;752;37348;
2377;717;753;38372;
2373;715;752;39392;
2358;716;752;40416;
2373;715;753;41436;
2358;717;753;42456;
2373;716;753;43476;
2363;716;753;44496;
2343;716;753;45516;
2343;716;753;46536;
2343;718;752;47548;
2324;719;751;48568;
2338;719;752;49584;
2319;718;752;50604;
2319;719;753;51624;
2309;719;751;52644;
2314;719;752;53660;
2309;719;752;54680;
2304;719;750;55700;
2304;719;753;56720;
2294;720;752;57732;
2304;720;753;58752;
2285;719;754;59772;
2270;718;752;60792;
2280;719;753;61808;
2270;721;754;62828;
2280;720;754;63844;
2260;721;752;64864;
2246;721;753;344;
2241;722;753;1356;
2260;723;755;2368;
2255;723;752;3388;
2246;723;753;4408;
2246;723;754;5420;
2226;723;755;6432;
2221;723;753;7452;
2226;723;755;8472;
2207;723;755;9492;
2202;724;751;10512;
2202;726;754;11524;
2207;726;752;12540;
2211;726;751;13560;
2211;727;751;14580;
2207;724;752;15596;
2202;726;753;16616;
2202;726;752;17632;
2187;727;754;18652;
2187;726;753;19672;
2177;726;753;20692;
2172;728;754;21712;
2167;726;754;22732;
2163;727;752;23756;
2163;728;754;24772;
2167;727;754;25792;
2148;728;752;26812;
2143;727;753;27832;
2148;728;753;28852;
2153;726;753;29872;
2148;727;752;30892;
2138;727;751;31912;
2148;728;753;32932;
2138;726;753;33952;
2138;731;755;34972;
2124;727;753;35988;
2128;728;753;37008;
2124;728;753;38024;
2124;728;753;39044;
2094;727;753;40056;
2089;727;752;41072;
2104;728;751;42092;
2109;727;752;43104;
2094;728;752;44128;
2099;728;750;45148;
2109;729;752;46168;
2094;728;752;47184;
2104;728;752;48204;
2099;728;752;49224;
2089;728;753;50244;
2089;728;753;51256;
2084;727;754;52272;
2065;729;752;53292;
2065;729;753;54304;
2045;728;751;55324;
2041;728;752;56344;
2050;728;753;57372;
2065;728;755;58396;
2060;728;753;59416;
2065;729;753;60440;
2055;727;753;61460;
2050;728;753;62484;
2041;728;752;63512;
2031;728;751;64536;
2036;729;752;24;
2060;728;754;1052;
2045;728;753;2072;
2045;729;754;3100;
2045;732;752;4124;
2036;732;754;5136;
2045;729;753;6160;
2036;729;753;7180;
2036;729;754;8204;
2045;729;754;9220;
2045;731;754;10236;
2036;729;753;11252;
2031;730;754;12272;
2031;732;752;13292;
2026;729;753;14312;
2026;728;753;15328;
2011;733;752;16348;
2011;732;755;17360;
2026;729;753;18384;
2016;731;754;19404;
2026;732;752;20424;
2021;732;753;21444;
2026;732;752;22464;
2006;731;752;23484;
2016;731;753;24504;
2021;732;752;25524;
2021;732;754;26544;
1997;732;752;27560;
2011;732;753;28580;
2006;732;752;29600;
1997;732;754;30620;
2011;732;750;31640;
1997;732;752;32660;
1992;732;751;33680;
2021;729;752;34700;
1997;731;751;35720;
2011;732;752;36740;
1992;732;751;37760;
1997;732;751;38780;
2006;732;752;39800;
2021;732;753;40820;
2001;732;751;41840;
1997;732;752;42860;
2001;732;751;43880;
1992;732;753;44900;
2006;732;751;45920;
1992;732;752;46940;
2001;732;752;47960;
2021;730;753;48980;
2011;733;753;50000;
2011;732;751;51020;
2006;732;754;52040;
1997;734;751;53060;
2006;732;752;54080;
2026;732;755;55100;
2011;732;754;56120;
2021;732;753;57144;
2011;731;753;58164;
2026;732;752;59188;
2026;731;754;60208;
2026;732;752;61228;
2036;729;752;62248;
2026;732;755;63268;
2026;729;753;64288;
2026;732;752;65308;
2036;729;752;792;
2041;731;753;1804;
2036;732;752;2816;
2050;733;753;3828;
2050;729;753;4840;
2045;731;753;5856;
2031;732;752;6876;
2036;730;753;7896;
2045;732;751;8916;
2045;731;753;9936;
2045;732;751;10956;
2045;731;753;11976;
2036;732;752;12996;
2055;732;753;14016;
2045;733;753;15032;
2065;732;753;16052;
2055;732;752;17072;
2050;732;752;18092;
2050;732;751;19112;
2065;733;752;20128;
2065;732;752;21148;
2089;732;752;22164;
2089;733;753;23184;
2089;733;752;24200;
2089;732;755;25220;
2099;733;753;26236;
2099;729;753;27256;
2099;729;754;28268;
2094;728;752;29292;
2109;731;754;30312;
2109;730;752;31332;
2114;732;754;32352;
2109;729;752;33372;
2114;731;754;34392;
2114;730;753;35412;
2124;732;752;36432;
2124;731;753;37452;
2138;732;754;38472;
2138;732;753;39492;
2128;728;754;40508;
2138;734;752;41528;
2148;732;755;42548;
2148;732;755;43568;
2124;734;752;44580;
2143;733;749;45600;
2143;732;755;46620;
2128;734;751;47640;
2138;732;753;48660;
2158;732;748;49680;
2163;732;753;50696;
2167;734;752;51716;
2163;732;753;52736;
2167;732;752;53756;
2182;732;752;54776;
2182;732;752;55796;
2187;732;752;56812;
2187;732;752;57832;
2192;732;752;58848;
2202;731;754;59868;
2202;732;753;60888;
2202;730;752;61908;
2221;732;755;62920;
2216;732;754;63940;
2221;732;754;64960;
2221;731;753;440;
2216;732;755;1452;
2226;731;752;2468;
2231;733;752;3488;
2221;732;752;4508;
2255;731;753;5520;
2255;732;753;6532;
2255;731;753;7548;
2255;731;754;8564;
2260;734;753;9584;
2260;732;752;10596;
2260;732;752;11616;
2280;732;753;12632;
2285;733;752;13652;
2285;732;751;14672;
2285;732;751;15696;
2299;733;752;16708;
2304;732;753;17728;
2304;732;752;18748;
2304;732;753;19768;
2309;732;753;20780;
2324;730;753;21800;
2329;729;754;22816;
2314;732;753;23836;
2324;732;754;24848;
2324;732;752;25868;
2338;732;752;26884;
2343;731;753;27904;
2338;732;752;28920;
2348;731;753;29940;
2348;731;752;30956;
2358;732;753;31976;
2363;729;753;32996;
2377;731;753;34008;
2377;732;754;35028;
2377;731;753;36044;
2377;732;753;37064;
2377;730;752;38076;
2402;732;752;39096;
2402;732;752;40108;
2412;732;752;41128;
2412;732;753;42148;
2426;732;753;43160;
2421;728;753;44180;
2426;728;753;45200;
2431;727;753;46220;
2451;730;753;47236;
2436;732;753;48256;
2460;728;753;49272;
2456;731;754;50292;
2441;728;753;51308;
2451;731;752;52328;
2460;729;753;53344;
2460;729;753;54364;
2485;729;752;55380;
2495;729;753;56400;
2495;729;753;57412;
2500;729;753;58424;
2509;728;754;59444;
2514;729;753;60464;
2514;728;752;61484;
2519;729;755;62504;
2519;728;754;63516;
2534;729;752;64540;
2534;729;754;28;
2543;728;753;1052;
2534;728;753;2076;
2548;728;752;3100;
2543;726;752;4116;
2553;728;753;5144;
2553;728;752;6164;
2558;728;752;7188;
2563;727;755;8212;
2573;726;753;9236;
2583;723;752;10264;
2597;726;753;11288;
2592;727;753;12312;
2592;726;751;13336;
2607;726;753;14364;
2617;726;753;15388;
2617;723;753;16412;
2622;723;753;17432;
2617;721;752;18456;
2631;723;754;19480;
2646;724;753;20504;
2631;723;752;21528;
2622;723;752;22552;
2651;723;753;23580;
2651;723;752;24604;
2661;721;752;25624;
2661;721;753;26648;
2670;720;753;27668;
2670;723;753;28696;
2661;720;752;29712;
2685;721;752;30736;
2670;721;751;31760;
2670;721;750;32784;
2685;721;752;33808;
2700;721;753;34832;
2700;720;753;35856;
2709;719;753;36872;
2714;719;752;37900;
2724;719;752;38924;
2724;719;754;39948;
2739;721;752;40968;
2724;719;752;41992;
2729;719;752;43016;
2739;719;753;44044;
2734;718;752;45068;
2749;718;752;46092;
2744;719;752;47120;
2749;719;751;48144;
2749;719;752;49172;
2768;719;753;50192;
2773;719;754;51216;
2778;718;755;52240;
2778;716;753;53264;
2792;719;754;54288;
2792;719;754;55312;
2802;719;753;56328;
2802;719;752;57356;
2802;719;752;58376;
2802;719;752;59388;
2817;718;753;60404;
2807;718;753;61424;
2817;718;752;62444;
2807;713;752;63464;
2807;716;753;64484;
2841;719;753;65504;
2832;716;753;988;
2846;716;753;2000;
2807;716;750;3012;
2827;716;753;4024;
2846;716;753;5040;
2866;717;753;6052;
2866;719;753;7072;
2871;717;753;8092;
2871;716;752;9112;
2871;716;753;10132;
2875;715;753;11148;
2871;716;752;12168;
2880;716;752;13188;
2880;713;753;14208;
2895;716;753;15228;
2885;715;752;16248;
2885;716;753;17268;
2900;715;753;18288;
2895;715;752;19308;
2905;717;753;20328;
2910;716;753;21348;
2905;716;753;22368;
2929;716;753;23388;
2929;715;753;24408;
2929;712;754;25432;
2929;714;752;26452;
2929;711;753;27472;
2939;713;753;28496;
2934;713;752;29516;
2934;712;754;30536;
2944;713;753;31556;
2949;713;753;32576;
2934;714;754;33596;
2949;712;753;34616;
2949;711;754;35636;
2963;711;753;36656;
2954;711;754;37676;
2958;711;753;38696;
2958;711;754;39716;
2973;713;754;40736;
2973;711;753;41756;
2968;711;754;42776;
2963;711;753;43796;
2968;711;752;44816;
2983;711;754;45836;
2983;712;755;46856;
2973;713;754;47876;
2973;711;752;48896;
2968;711;752;49916;
2988;711;752;50936;
2973;710;752;51956;
2983;711;753;52976;
2983;714;752;53996;
2988;713;755;55016;
2998;711;753;56036;
3002;711;754;57056;
2998;711;752;58076;
3002;711;754;59096;
3002;711;753;60116;
2998;713;755;61136;
3002;711;752;62156;
3007;711;753;63176;
2998;711;753;64196;
2998;711;752;65216;
3002;715;752;700;
3017;713;753;1716;
3002;711;753;2728;
3012;712;752;3740;
3022;713;753;4752;
3022;713;751;5772;
3002;712;752;6792;
3012;713;753;7812;
3017;711;753;8832;
3007;712;753;9852;
3022;711;754;10872;
3017;711;752;11892;
3012;711;752;12912;
3017;712;753;13932;
3007;713;753;14956;
3007;713;753;15976;
3007;711;751;16996;
3017;713;753;18016;
3002;711;752;19036;
3002;713;752;20056;
3017;713;753;21076;
3027;713;753;22096;
3027;713;754;23116;
3027;713;753;24136;
3017;712;751;25156;
3012;711;752;26176;
3027;712;753;27196;
3022;712;753;28216;
3027;713;753;29236;
3017;713;753;30256;
3012;711;753;31276;
3027;711;754;32296;
3027;712;753;33316;
3007;712;754;34336;
3007;713;754;35356;
3007;711;752;36376;
3002;711;753;37400;
3002;712;753;38420;
3002;711;753;39444;
3007;713;752;40460;
2998;712;753;41480;
3012;711;752;42500;
3002;711;752;43520;
2988;712;753;44540;
2983;712;753;45560;
2998;712;752;46580;
2983;711;752;47600;
3002;712;752;48620;
2983;711;752;49640;
2998;711;752;50664;
2983;711;752;51684;
2973;712;752;52704;
2983;711;752;53724;
2978;711;751;54744;
2973;711;752;55764;
2988;712;752;56780;
2983;711;755;57800;
2983;711;753;58820;
2983;712;752;59832;
2988;713;752;60852;
2983;711;753;61872;
2983;713;753;62888;
2978;711;752;63904;
2963;709;752;64924;
2983;711;753;408;
2968;711;752;1420;
2958;711;752;2440;
2949;711;752;3460;
2949;711;753;4480;
2963;711;753;5492;
2949;711;753;6508;
2958;711;752;7528;
2958;712;751;8548;
2958;712;751;9568;
2958;711;753;10580;
2949;711;753;11600;
2934;709;752;12616;
2944;711;752;13636;
2949;711;753;14656;
2929;711;753;15676;
2939;711;754;16696;
2929;711;754;17708;
2919;712;753;18728;
2919;712;752;19740;
2919;711;752;20760;
2919;711;752;21776;
2919;711;753;22792;
2919;713;753;23808;
2910;711;753;24824;
2905;713;752;25844;
2890;713;754;26856;
2885;711;754;27876;
2890;713;752;28896;
2885;712;752;29908;
2885;713;752;30928;
2885;712;753;31940;
2885;713;753;32956;
2871;712;755;33972;
2880;711;753;34992;
2880;712;753;36012;
2871;713;755;37024;
2856;713;755;38040;
2846;712;752;39060;
2832;713;751;40080;
2846;713;752;41092;
2846;711;752;42112;
2846;711;752;43132;
2841;712;752;44148;
2846;711;753;45168;
2836;711;753;46184;
2827;712;753;47204;
2817;708;752;48224;
2817;713;754;49240;
2817;713;754;50260;
2807;710;753;51272;
2788;711;752;52292;
2792;711;752;53308;
2773;713;751;54328;
2802;713;751;55340;
2778;711;751;56364;
2778;711;752;57384;
2778;713;753;58404;
2773;711;752;59424;
2763;712;752;60444;
2749;711;751;61468;
2773;712;754;62492;
2753;711;752;63512;
2753;713;753;64536;
2749;711;753;24;
2749;710;753;1048;
2734;710;752;2072;
2714;711;752;3100;
2719;711;752;4116;
2719;713;753;5136;
2714;712;752;6156;
2695;711;752;7180;
2695;713;752;8204;
2700;711;752;9220;
2690;711;751;10244;
2690;712;752;11268;
2690;712;753;12284;
2690;713;752;13304;
2675;711;752;14320;
2670;709;753;15340;
2661;712;752;16360;
2651;711;753;17380;
2661;712;751;18400;
2646;711;753;19420;
2651;711;752;20440;
2636;713;752;21460;
2641;712;752;22480;
2636;713;753;23500;
2617;713;752;24520;
2622;713;752;25540;
2622;712;752;26560;
2617;712;752;27580;
2612;711;752;28600;
2597;713;752;29620;
2607;712;752;30640;
2592;712;752;31660;
2592;712;752;32680;
2578;713;752;33700;
2573;712;753;34720;
2573;713;752;35740;
2568;712;752;36760;
2558;713;752;37780;
2558;713;752;38800;
2543;713;751;39820;
2553;713;752;40840;
2534;713;752;41860;
2534;712;752;42880;
2534;713;752;43900;
2529;712;752;44920;
2524;712;751;45932;
2519;711;752;46948;
2514;713;753;47960;
2504;711;753;48980;
2490;711;752;50000;
2490;713;753;51020;
2490;714;753;52040;
2475;711;752;53060;
2475;713;755;54080;
2480;711;755;55100;
2475;711;752;56120;
2475;712;754;57144;
2460;711;753;58164;
2465;712;755;59184;
2456;711;753;60204;
2456;712;754;61224;
2446;713;753;62248;
2436;713;753;63268;
2441;712;753;64288;
2436;715;752;65308;
2421;713;754;792;
2421;713;754;1804;
2402;715;750;2816;
2402;716;752;3828;
2407;712;753;4840;
2397;713;754;5856;
2402;714;754;6880;
2387;714;754;7900;
2373;712;752;8920;
2382;715;753;9940;
2373;715;752;10960;
2377;716;753;11980;
2363;713;754;13000;
2358;716;754;14020;
2363;716;754;15040;
2348;716;753;16060;
2343;717;753;17080;
2348;719;753;18100;
2333;715;752;19120;
2343;719;753;20140;
2324;718;753;21160;
2324;719;754;22180;
2309;719;753;23200;
2324;719;753;24220;
2304;719;752;25240;
2304;719;753;26260;
2299;721;753;27280;
2304;721;752;28300;
2294;721;752;29320;
2299;720;754;30340;
2285;719;753;31360;
2280;719;754;32380;
2280;722;754;33400;
2270;723;753;34420;
2260;720;752;35440;
2255;723;754;36460;
2255;722;752;37480;
2246;723;753;38500;
2246;721;752;39520;
2241;721;752;40544;
2231;724;752;41564;
2246;727;755;42584;
2226;727;753;43604;
2231;726;753;44624;
2221;725;754;45644;
2216;727;752;46664;
2211;728;753;47684;
2216;726;753;48700;
2207;723;754;49720;
2207;723;753;50740;
2197;726;753;51760;
2192;723;753;52780;
2197;725;754;53800;
2192;726;754;54820;
2177;724;753;55840;
2167;724;753;56860;
2172;726;754;57880;
2172;728;754;58900;
2167;727;753;59920;
2163;728;753;60940;
2167;725;753;61960;
2163;725;755;62980;
2163;728;753;64000;
2158;727;753;65020;
